0.865327734719374	1.09211094182216	0.648706033861952	0.831943186134495	0.919070459674129	0.521766950605882	0.41390051462455	0.397832680121706	0.250867472787115	0.221744531519376	-1
0.906551874808974	0.834244819122536	0.901841212084372	1.13915681152568	1.10576821845712	0.567854697005103	0.340662617513442	0.390429750511658	0.173853426041743	0.216214100423201	-1
1.15841031688734	1.25617872069345	0.963568717237498	0.833008807765387	1.12559794685066	0.491897014804136	0.366943031330417	0.435568942035094	0.290879950208545	0.252537595216591	-1
1.44435242300091	1.32347043185542	1.02349733127623	1.01770761117028	1.16064591158061	0.648019441288043	0.666313448454346	0.459713913341114	0.297904619850727	0.415685077786281	-1
1.1985324759885	1.3066850503692	1.13671127490033	0.920947232434209	0.782758796204959	0.752170653149459	0.966778551132202	0.507299583369543	0.243241362896237	0.262527361810908	-1
1.49325682998519	1.39672240580181	1.07634288076126	1.48267058615647	0.994845816890461	1.00776790299493	0.768187096529887	0.399793613163934	0.435460152723746	0.35310062062059	-1
1.37164575458393	1.31403556984224	0.862678613370997	0.872560868089606	0.887490241903016	0.657833431249998	0.587924071091202	0.489703694956693	0.390798424134742	0.425682122335584	-1
1.37855845966566	1.50043212343602	1.10569118793001	0.856945205907844	0.85009101420085	0.571935833874205	0.625578129982222	0.480795776517521	0.406408854668641	0.310408642373667	-1
1.53487802699644	1.38371410640506	1.25980481182415	1.75530693519654	1.22024736749167	1.08623257156039	0.848754469476944	1.02843851350182	0.528505280056895	0.647004774350946	-1
1.08839502430965	1.12569145293589	0.909403541733113	0.910054259665476	0.969918740251871	0.657045051963254	0.411262033362608	0.394992765765066	0.310086020275392	0.202910032125362	-1
1.3398683185843	0.901193858928513	0.887860021644076	0.665247532487321	0.990163585697184	0.672426764620462	0.554400020677829	0.726255733756169	0.416700169884284	0.287976021428453	-1
0.926459667056918	1.07890523231252	1.14552486055705	0.909295511068804	0.872167322157462	0.579521420750754	0.540285665633264	0.539273269940875	0.365532480414151	0.343850492589579	-1
1.92888903449513	1.43139367749601	1.03087045110423	1.27060018048083	0.961225459335435	0.849529035775693	0.580852825474035	0.654048752827915	0.517488024058798	0.52718147370974	-1
1.24184402821584	1.43149544748291	1.25027097591157	1.72573739638117	1.29903939318888	0.685900291661852	0.639293272831787	0.520633831648147	0.396290169623329	0.346584851192653	-1
1.62450794297256	1.22685878919122	1.16330356179892	1.75743277149987	1.08267680677129	0.734916104138185	0.801752035391743	0.587475603732767	0.43649363913537	0.292927433556013	-1
1.01089135406959	0.97392877890522	0.950737562774918	1.14092514307568	1.20954386566567	0.655846987077025	0.594051850060603	0.564319967423829	0.387120847958371	0.385030789555178	-1
1.24716186811418	0.829943049470465	1.00083256083829	1.12700009449779	1.07014918534762	0.67812747262013	0.612581141178583	0.555962108105597	0.446891496797601	0.386721924759466	-1
1.94956641376212	1.85172338543291	1.27011298035545	2.0028678826212	3.78970635362115	0.611609357753037	0.717514076910176	0.572448744295661	0.444616886180695	0.408837378544706	-1
1.11610302192337	1.32148017251936	1.19403578411779	1.30447025902019	1.09247497020394	0.597212360038394	0.623513407622244	0.52646780769194	0.272881376510899	0.410116085501497	-1
1.43024448624036	1.29669778761102	1.22983750953552	1.35568284854617	1.38012470777491	0.645416485443238	0.8056909394826	0.661775434309508	0.591488543264108	0.368524712107131	-1
1.16867777799544	1.04327262742533	0.81178457853712	1.02414784769582	0.994365412071745	0.808848624451093	0.503999270742436	0.566545785503835	0.340023084640271	0.363472800016324	-1
0.922397858014619	1.00892770977946	0.855225351912745	0.863750441358911	0.913596174466401	0.621346685292804	0.403127368545147	0.408709327896724	0.311342395965616	0.421875991057721	-1
1.39771100164848	1.09046802530692	0.939889591157587	0.8708458484049	1.07852111511991	0.872591300263598	0.805422113777328	0.670849107450393	0.456377019263745	0.440419559820468	-1
1.33273291768467	1.52737320596946	1.09041308659381	0.898072426058657	0.746481994180881	0.503211803560827	0.724323557138819	0.488857789608535	0.365289031609221	0.316815573192073	-1
1.6289764916486	1.76474701602541	0.963784347697318	1.33284274477825	1.04165853519171	0.554858954660943	0.960252220925263	0.524420526934302	0.630002250035701	0.508708108929417	-1
0.826315448470201	1.33752086259037	1.11908753574696	1.04619805318856	1.0937868381729	0.695546845351627	0.614170621167562	0.538078927199227	0.288520226365332	0.299856066705136	-1
1.00879233302108	1.10339104919934	1.01865612165707	1.09115781322213	1.26874339019659	0.816965300046313	0.855702706113104	0.390477848400552	0.400124770808179	0.270455358276949	-1
1.21809102963899	0.896602269280539	0.926138190112279	1.35161643625466	1.19611700323196	0.580887583236218	0.45785932172903	0.423498673805086	0.441993438941027	0.395555193056014	-1
2.32641622609864	1.84369471129452	1.05966779997179	1.74686487407589	1.17560969278974	0.962103013091522	1.32878644197659	0.796230244114503	0.652223386239311	0.500511578823473	-1
1.15901038732218	1.0479913570614	1.01088389980432	1.22785773543091	1.43149020774284	0.847227396928905	1.29488686148688	0.91653538032654	0.804325130559134	0.514045441978097	-1
1.21942029090835	1.2612214253919	1.05580653931754	1.14320707816437	1.0830645076275	0.878763522456794	0.643461494846913	0.672600863396381	0.452611092747188	0.374509832335867	-1
1.89854823817309	1.73152471616673	4.4326351138233	0.932688034149656	1.29170404022579	0.560131966296686	0.528133361281978	0.580919823613233	0.371484930073166	0.328089790141757	-1
1.39565277046229	1.32906748951998	2.60715925771516	1.4455514096717	1.59192156828543	0.679349470067419	0.633125343143407	0.484484069485555	0.323786271460694	0.366001134985753	-1
1.72648244687037	1.35817303217161	1.17162487534697	1.89308213825419	1.2095054095244	0.838703341330208	0.583685310833771	0.670212101865495	0.354263958806251	0.326106740930749	-1
1.09240282598314	0.940656511259337	0.913046609365923	1.12378714943262	0.923947625917028	0.550799224764519	0.573229021969959	0.407898336373226	0.329042459895651	0.300201591868656	-1
0.889385074592331	1.16969451800819	0.997553708555353	0.904056214942999	0.949036068743639	0.593697994894454	0.511105629976629	0.493630139650154	0.365860786530524	0.306777096461107	-1
1.32336248040014	1.2525215742611	1.08105103316784	0.864531111932652	1.12647200907057	0.731641735829713	0.56246594010809	0.590137783087215	0.468924573341758	0.446993566060211	-1
1.42215226273713	1.57790724311541	1.48905226635935	2.03328611393291	1.57132038960163	0.647197789399741	0.707113379050406	0.461688948547116	0.344883711224195	0.295515295064009	-1
1.77205333300728	1.37956801704489	2.09202518631046	1.09364631550717	1.34228346457518	0.769422877434418	0.494095514870512	0.773270018016384	0.376168654586834	0.336903194808698	-1
0.845879512861274	1.24015011757139	1.46141400077164	0.891910046685379	0.955728477745429	0.632223483194222	0.603225978923957	0.549385891975736	0.583574179412235	0.398785008373417	-1
0.988204011807709	1.72310435198996	1.29154053408818	1.66269139872361	1.23935508401284	0.582508844702832	0.723686106212183	0.390644340093368	0.381699704014053	0.353053746064401	-1
1.45802088255928	1.32327158995508	1.45327125419477	1.72872652412156	1.57225448742939	0.556587149044835	1.22057128113969	0.756038521906993	0.559358912344023	0.577182327391925	-1
0.994378837132483	1.04149081843631	0.885240344649233	1.01962929582055	1.06915536001417	0.747029719631614	0.517753332286234	0.625040257854049	0.521934440182114	0.336912423908068	-1
0.79473943928688	1.01133645680658	1.32231674625069	1.00831385914285	0.995681649293197	0.56640633669302	0.440431028156413	0.536957077274073	0.224166292139994	0.304264389704518	-1
0.769514195421034	1.15891229469867	0.945366637010116	0.957396181682143	1.26911792828505	0.502983170201286	0.356274705573023	0.522992893328683	0.429160374351533	0.294857143700688	-1
1.35700955459982	1.01065655403687	1.82375406339212	1.03897074974582	1.28966899524918	0.67007943621672	0.558436237586362	0.955908956824905	0.324902712798664	0.354730267975872	-1
1.30697066596111	1.55519957980025	1.89329474625525	1.490963412197	1.63205216156499	0.760331677778908	0.445387603599807	0.763216372866522	0.349481220919794	0.527167376495975	-1
1.28347432892392	1.53014952787721	1.04412269940499	0.863311437657635	1.15381222555989	0.478493922094946	0.592515384395287	0.541842648691638	0.337498261657939	0.320769319043552	-1
1.42513551645243	1.03553613146492	1.0517829434756	1.00407100734446	1.19728828896399	0.755573997991191	0.666696823015596	0.789152499898503	0.419852993580578	0.377127433638843	-1
1.26471813672495	1.34823602172282	1.72077766063119	1.96071726389753	1.2517091161074	1.12222698530229	1.13028441549973	0.937834491540933	0.52822305700912	0.349515214244944	-1
1.34661604526022	1.34467508127097	1.2375482380907	1.5721019286141	1.47123140513327	0.656167914260936	0.560423887295817	0.624694699512075	0.505107772707313	0.363777838761801	-1
0.797185981572447	1.03297321638063	1.32584637519399	0.906211132946454	1.28978533915621	0.682640746617075	0.50642479204867	0.93942993418139	0.259859306908872	0.38622027502245	-1
0.768106998306499	0.980258247528494	1.02697977936234	0.82267155245324	0.857933356409109	0.467244570749073	0.450682295505735	0.461435321366695	0.36386446413865	0.257568734355687	-1
1.62666748976847	1.50538337756725	0.948215831602457	1.08826433158996	1.58071949870319	0.591798880896338	0.978041728580756	0.49530352259153	0.4850044861678	0.505873884961353	-1
1.48147993911392	1.26972813942234	1.27400515686162	0.94933523835305	1.29231707686319	0.441047292873539	0.757484820410355	0.464899394961999	0.266096728479412	0.329643100112605	-1
1.14292052266398	0.874610124111826	0.961890552296901	0.753093454035697	1.02584298854623	0.494458345538132	0.400465094562926	0.542282884208387	0.231032757480199	0.242818080514446	-1
1.11796352824848	1.21461420035316	0.977849861513842	1.02094349033819	0.818647091445027	0.757433582282155	0.52453247211151	0.594503019666654	0.474854702303215	0.50499275802813	-1
2.13818141992023	1.39100847176014	0.985081028655971	1.25153493961545	0.979230525697147	0.788619032757682	0.802940692832254	0.686975495178204	0.760898825034327	0.544196900700833	-1
1.4392035245283	1.23441055669161	0.914197935561077	1.09446420434739	1.12421610182127	0.699619057064271	0.568325813774612	0.587265554547222	0.325676916779966	0.500443626915874	-1
2.26637349824572	1.85052194908028	1.34380262315124	1.40792920237958	1.08832441317989	0.838875171452003	0.595969167699883	0.632642692226457	0.493897031200368	0.576978783746647	-1
1.66884079562252	1.60545692628132	1.17933783314024	2.85322009950234	1.56130884733334	0.648219013168212	0.649531446211108	0.750431375441807	0.520576267391714	0.367085202051853	-1
1.66635072046018	0.87357020756471	1.01231688170387	0.953609670553781	1.09074993113733	0.736101882202577	0.541063966753455	0.784299073817323	0.580937056178652	0.491411646280838	-1
1.01430481587865	1.26907805613303	1.16267921483522	1.1081321054725	1.29954469000145	0.75116758252626	0.766204448654501	0.605438218040301	0.451540780273544	0.451495148227723	-1
2.06829974530286	1.18857780940698	1.27981224412429	0.856143265162401	0.990773378516953	0.873641959247596	0.900433570793573	0.824642942563966	0.619497007265787	0.461908654589607	-1
1.1482864668799	1.36890380862218	1.08672705101905	0.887515875027337	0.977198724134819	0.796573959232713	0.619744573547111	0.560275233543387	0.313588581403116	0.502612909301444	-1
1.83982946967467	1.32888275167779	1.00774853878617	1.27097866645023	0.870164429326818	1.21968889273364	1.19334787896426	1.10148331557194	0.83998125821777	0.689853298203494	-1
1.28169150757242	1.10844914524648	1.21891572483023	1.54599535799743	1.15125095280104	0.596779516232017	0.813230101205765	0.672134428598657	0.509727484379586	0.402820544280853	-1
2.80299687104781	2.50118529133435	3.39187089246294	2.91413892874889	2.22523678161418	1.19264714779742	1.07470494772438	0.768023943627392	0.928981007877556	0.778786444049047	-1
0.873306875389464	0.809386879407767	0.916736717435178	0.812900683791135	1.13772509220796	0.450015760659338	0.383087652306592	0.384563669210364	0.179466118077782	0.190575313569033	-1
0.728370592142535	0.797328709894744	0.871925095506846	1.0187744461352	0.848236336787736	0.624845401723241	0.444267047513066	0.42684256815266	0.338994397165122	0.189906503844359	-1
0.872907473755849	1.04618073654358	0.867598771796291	0.97296482162073	1.02477307654142	1.1594421707738	0.696295399765484	0.584152584749134	0.433282229569309	0.607762517746317	1
1.04799634772244	1.02953027323711	0.827154296389231	1.15995888192559	0.863440091673604	0.87969858090321	0.752729375907915	0.699106805203574	0.494848959644151	0.418485207099917	1
1.0731750975216	1.07947610540776	1.06984442825128	1.15772187640034	1.22797382346214	1.06805331734017	0.764862300233164	0.688927719623361	0.514333541552083	0.564593383945904	1
0.768642327638778	1.0091300196416	0.667454728786394	0.81867027055023	0.887214458986362	1.01020387384052	0.720900483815038	1.27924649650536	0.824071190160613	0.797520152118001	1
1.39549813436119	1.28229048675866	1.08631472907086	1.24621498335863	1.02012147762346	0.98650211851112	1.06830757235479	0.967620006174847	0.626975754492152	1.41412886786475	1
0.925822788587649	0.745499060526671	0.797404513821146	1.10284188890032	1.40330675390654	1.63553486019746	1.23024847335676	0.757278735014701	0.726559571783484	1.2310412510638	1
0.752273489152705	0.964035310346013	0.89484717016856	0.742064167126848	1.03321832258934	0.807293049339208	0.696414556825462	0.638542149906366	0.849317287310237	0.68106658504734	1
0.975165022225796	1.23012415342677	0.981469406139077	0.983833226092301	0.932991912348571	1.05535627582531	0.882060029794557	1.03291580767282	0.665425605614797	0.658987578261691	1
0.913594464379967	0.807627566143129	0.953039209676642	0.809460796832133	0.773792278975078	0.877015842339963	0.894533333427848	0.834822697191428	0.878739626803894	0.883753560556396	1
1.20546885319993	1.00608052297432	0.995417127011265	1.2016104244734	0.881128518718777	1.2755628273913	1.06639472279927	0.9316886830748	1.08766783037793	0.936065110516965	1
0.688833312720249	1.0052103491026	0.729415863910087	0.930149307364825	0.896237743500305	0.998503627421843	0.618447839567006	0.606152915874149	0.527102335479655	0.696558917780581	1
1.1106954210821	1.2826502887604	0.937061813490235	1.27018743666222	0.808818145757839	0.923651794067705	1.11780790213896	0.946616522757948	1.31957818113818	1.39138193477128	1
0.985088743484376	0.928669376257316	2.54732008732068	1.01961955770491	0.948662328017876	1.09895755284441	1.40798803874519	1.22399244754781	0.70434248189545	1.1138452309528	1
0.901698534404063	0.939182599790719	0.758907543998363	0.939283607552914	0.955620660245947	1.07153922946801	0.768129811805035	1.39982145641179	0.580365823719211	0.940369217782863	1
0.84446742783404	0.888711721521569	0.944611742025359	0.818427507593473	0.929446037655223	0.975384424162006	0.703931846123329	0.66157243440856	0.78017874061894	0.968219101254249	1
0.830456711134037	0.821973562284961	0.856784740571639	0.772715765668364	0.775464048838818	1.02248619247196	1.20177207383241	0.912257333790778	0.880390790080618	1.10300169351297	1
1.00187757726437	0.871892523051029	1.17839484728348	0.948617198222732	0.955281709353786	0.984159703962679	1.06281409266359	1.00590714503617	1.29004328638071	1.44462781939468	1
0.73627438449123	0.69810459201797	0.774700566350177	0.954807886423156	0.72028845652289	0.753869780435341	0.979570747022127	0.868437306806213	0.533511697362711	0.679239695944759	1
0.759853036082848	0.927308523632463	0.744141956954402	0.838161191699356	0.895550188290604	0.70509035697204	0.850155078768858	0.805177352147017	0.804186200176678	0.890200780380405	1
0.857741617555327	0.705871157890087	0.774992963681464	0.822627172743952	0.878263994262771	0.728194136755925	0.750653201027713	0.515862661544168	0.95465187979778	0.954225456436174	1
1.06746170624916	0.842656167781846	0.898948679026473	0.919857822241693	0.805171526580881	0.890069419416003	1.26726085154139	0.78747986859875	1.30784365679831	1.06503217391302	1
0.783663414376106	1.05296630778201	0.857752736285096	0.7640620058245	0.967788546252619	0.74927333098615	1.14544551139664	0.896534092296074	1.38574310939425	0.869580400224658	1
1.15591326205655	1.25590779729645	1.17871371642574	1.57341499465671	1.30087898851096	1.33395963651232	0.86917683878406	0.919086277574901	1.15777483497833	0.973674150034397	1
0.765455374175727	0.808635669605352	0.764323615848274	0.902039137361784	1.08025554837543	0.777251859852788	1.17693822837934	0.902025155386823	0.836512171761472	1.07003194700108	1
1.36393295604378	1.32475291616205	1.25445303520487	1.83483383768174	1.45515545808964	1.24535192960209	1.49777466661713	1.59510143201781	1.33266577272929	1.23429919876562	1
1.04408326826633	1.32982638670211	1.05096216304523	0.973892485187401	1.00517133297023	0.78037385756922	1.00829540482115	1.14055556004433	1.81998684530981	1.48302831735932	1
1.01403812550529	1.08281850199093	0.768225663530836	1.39112059187248	1.16442135932203	1.02234454771034	1.27765541053232	0.836242436849646	0.733805601816036	1.05972022366325	1
1.37504547152524	1.31040272516469	1.20844951592432	1.04782123503602	1.02053320046432	1.32460281897333	0.882213691921803	0.964008101628612	0.866920696143174	0.828307520647427	1
1.17498942524308	0.834181967429858	0.803265720282174	0.906301295550462	0.934557853243923	0.763624235113955	1.30546026601013	1.12987661667332	1.00697924687207	0.970437871773184	1
0.879990083472329	0.839900644428529	0.984336047636598	0.820606729402868	0.910217205596211	0.837798672708215	1.18761674322499	1.84101929198763	1.18007568222039	1.15886646160998	1
1.01373214207875	0.922206552205992	1.21213449405777	1.1156966194067	1.56074522348108	1.20639968160535	1.04766879416359	1.96746314957584	0.87117512742222	1.34797705196547	1
1.39144548118985	0.948538659769456	0.875350751027531	0.924783037358053	0.954506738161424	1.02294461569811	0.950937826840552	1.22289564532822	1.41568113702592	1.18423513626367	1
0.763962617684735	0.773788299269875	1.04332018547445	0.954815169942655	1.00100497374863	0.893664152167626	0.794921406538647	0.802352765290183	1.05690739031244	1.06215828538041	1
1.6320456915798	1.06685545496927	1.25321227874175	1.27526998946977	0.989480105676814	1.37782895720133	1.57286051073895	1.0668636690208	1.01335686596902	1.19537170759581	1
1.23430250263599	1.00322071233134	0.929617104363792	0.980642237965748	0.987064575818659	1.06069485706973	0.87307237029983	1.49645802705362	1.18387801687251	0.702826228828	1
1.26145395236633	0.968162701808292	0.989531522821649	0.942426832395982	0.949779444279161	1.09033292923782	1.04320415107059	0.956173046262481	0.968532947221817	0.870185177892995	1
1.23442726723955	0.857595801423605	1.01645354043908	0.968065713390316	0.830270656865904	1.30393201996607	1.19533961166791	0.913553618829555	1.23799353810177	1.03978561069252	1
0.896046603750374	1.20168029827027	0.928187231719932	0.789616121830607	0.945884304648895	0.908118821672473	1.02398965726205	0.746294851402137	0.864873003217285	1.19363860168624	1
0.749868586491375	0.736310574101663	1.19462739517062	0.937241752085818	1.03257698255832	0.790732005557639	0.748750657597536	0.804287601808447	0.679358460431464	0.630550128775819	1
0.859414638997201	0.963869056364674	0.984446167113546	0.930419739226683	0.97064667706996	0.646427644649338	0.689482465855712	0.831722828266745	0.67600755187976	0.596379874008069	1
1.22871277200549	1.21343647968008	1.03521347809428	0.912785141231029	0.952532555047859	1.212670746275	1.7489774716057	1.6157146302298	1.37560398818821	1.70602243522351	1
0.703548378832617	0.880225204998108	1.13719217979111	0.920151997690262	1.15559589114862	0.991407399024235	1.44338961179441	1.11629011764165	1.0733038718709	1.11685746755768	1
0.892616936399532	1.01361028334861	0.933264064285711	1.26902726901498	1.03771729212982	1.22897199707884	0.912211105982084	0.837893450259765	0.868787873198269	0.86152855491726	1
1.21807491770497	0.954110278117465	0.947453848972524	0.977260127272067	1.1120028931727	1.15390041595415	1.87514774582313	1.98063422232693	2.01219943500881	1.35131619367846	1
0.794995875715905	0.939418043912918	1.08786933862199	0.947557123234401	1.19313673697252	1.08363602347538	1.20720767242105	0.718491077000339	0.950397640420097	0.985803650364671	1
1.36417726751238	0.949835612466706	1.3285478478029	0.755174323827798	0.96220398429506	1.09352019356557	0.660859788129197	1.63377742661111	1.16345825410468	1.57623663586881	1
1.03785207699217	1.04377438188116	0.941196168674661	0.78895436589762	1.3135619122488	0.904532892168691	0.896954022287657	0.880445800839343	0.817331108170795	0.909661014032322	1
0.964417788488892	1.05296947068609	1.28568761112425	0.888407644420183	1.03874683990173	0.889659939757268	0.706128249102082	0.891480583095289	1.10424425357365	0.804051868033022	1
1.1069924072659	1.38870397536275	1.08776447617412	0.969760121062368	1.16626742462634	0.848027508716295	1.00531123970709	0.746710161030779	0.892248946028874	0.647871100812054	1
1.02953808824265	0.947441479114701	1.1116876245229	0.92623212577902	1.14611456167114	1.01628778339524	0.71976505696402	1.35117258934954	1.85293066562741	1.32252316854479	1
0.816252214735058	1.05914267473875	1.55606237791011	1.25256072297959	1.32253558645618	1.23659970726376	0.765788544038741	0.98040713531973	0.602646877555166	1.03182505213984	1
0.782829711431541	0.923177542070316	1.1842834539258	1.36714810277378	0.994215248309605	1.37584178785399	1.06897915638316	0.676146255004636	0.824262760129317	0.993565568851909	1
0.937340811106724	0.938988665309014	0.858025928749928	0.783947691974816	0.973343575463124	0.825532967418736	0.698322828904923	0.744151272876918	1.0175969061931	1.04545948797241	1
0.558302454561183	0.63151069880287	0.734650861908801	0.710644161279124	0.938629552934283	0.598834938501696	0.717998734400447	0.681011110408398	0.653346885631858	0.623120582309439	1
1.24904790586421	1.06473958940972	1.26807753542656	1.27743865249333	1.02767668604356	1.07940634444558	1.18505241445252	1.07077160439193	1.1102609357174	1.34219019562294	1
0.847753790033294	1.17407571951165	0.808787637727402	1.04290305644534	0.836047713793626	1.19893958166719	1.0190590414907	0.976733041549214	1.12675359503732	0.917475230393112	1
0.491276624247868	0.610001012137394	0.691798260985123	1.09867445820781	0.87561713490294	0.634124347858339	0.732376897880738	0.79068473887059	0.914032148701981	0.540107469503602	1
0.907762081971039	0.781644812857904	0.842938442788007	0.819772530379483	0.908722394405183	0.672260209726114	0.532782575633854	0.565993439843829	0.778450965497364	0.793525385806952	1
0.709040763883028	0.819386012360132	1.01707190053044	0.894211432697833	0.831086322868515	1.00708191088678	1.07331391668637	0.853472394691451	1.38799783139117	0.908456845004952	1
0.993539050580668	1.14593001765826	0.899373474267705	0.953361882956872	1.08873506380204	0.941856779881058	1.08164632769814	1.23305450118758	0.904418837030388	1.32419769104021	1
1.37423863465931	0.860213167466588	1.14171429161499	0.832667931767911	0.808519567569334	1.08898685807545	0.955835731947209	1.31329518239065	0.728755149197605	1.14886368156436	1
0.999012591254207	0.994552132096261	0.944708430092998	0.805223100967391	0.996824963328769	1.12697595286431	0.736363066105379	1.29072687575293	1.37023486694632	1.4443084999973	1
1.22094582849375	1.03185281153047	0.915898098864225	0.673166837270439	1.00977074573798	0.866215939283767	1.56973269339089	0.845990142886638	0.890323315671996	0.907050703327259	1
0.978887500218551	1.00962289289059	0.997057143513392	1.07760800006677	0.872958594212592	0.66435024389622	0.762514451933453	0.725087298265033	1.22501928410971	0.783038839487259	1
1.0466660752428	1.44020339425462	1.14629647412832	1.16951947271748	1.25097478794106	1.34348923720253	0.875310149788959	0.885902108552865	1.04295746045577	1.03330283185611	1
1.26598310503887	1.29881771909136	1.11537071192336	1.36402932894208	1.04262658577446	1.44241988644351	0.764626035962765	1.48615101877141	1.6834275061586	1.41991739811754	1
0.786385201068548	1.37061769428512	0.854624061125351	0.926862091050259	0.80161438380177	0.753729524040011	0.618627044917431	0.887583894976238	1.12542606511915	0.993532140546751	1
0.935350738345306	1.10044606606914	0.771289372696385	0.765613015076091	0.933664253570212	1.07619153336519	1.50336053920156	0.97416517880752	0.964526254707607	0.774964545766627	1
1.50420785125544	0.899328026101224	0.886646091361581	1.45917562430929	0.921730857771627	0.710145141264092	0.881079897457876	0.958489029442739	0.906064705922755	0.809771711957354	1
1.12044722132044	1.24339801761752	1.06126074156021	1.08229634941247	0.984121161110796	1.06717650035539	1.66419604267032	1.28248042028813	1.73634694219763	1.1472939191878	1
