2.45752447582883	0.615091161782403	0.541801138672913	0.622274904110262	0.741345193365915	0.787367249572596	0.790540998695583	0.801179416606489	0.750763881079588	0.360242990843952	-1
2.52369719326775	1.44640604082837	1.4336122836725	1.50630461265716	1.00702568070336	0.928740246230565	0.909781955481759	0.887008697835074	0.920003200793314	0.572177220010372	-1
2.95928651413861	1.25146808633533	1.12085623553905	1.72957639331871	1.2254152645812	0.831279256145113	0.949883040488106	1.09667563157266	1.01912939642675	0.448487091512324	-1
1.95538656178105	3.09276105052515	2.51567516783469	2.73644760060777	2.36555846862814	1.09765876420233	1.20318996565097	0.921886960331689	1.28444834308034	0.677033466549852	-1
3.42329737464172	3.93787136491252	2.69086567596475	3.21716688126515	3.94073874184046	1.36587197939331	1.70144301288552	1.19160433061826	1.42383668710439	0.788294265475841	-1
3.14352696709546	2.02777274177746	2.14259700491323	2.04775175906681	1.28470416359108	0.874953202899363	0.92911858046282	0.806488799615276	0.927137744779944	0.944463135519066	-1
3.57289931185224	3.231970616431	2.63296204325873	2.76364345355557	1.73133587131084	0.820003128849931	0.842061284846778	0.989564322074788	1.12707321471903	0.764314826172468	-1
2.1056881289607	1.75474669399043	1.47008390293243	1.58047915933236	1.01235203989022	0.83076276250264	0.884663682147881	0.781110335654378	0.802452126092697	0.745302280115384	-1
2.04173441690632	1.71658528008548	1.54540401831811	1.56922841787754	0.765458336376531	0.665288629182637	0.765923985922357	0.735128565571317	0.643898663253275	0.52652829191098	-1
5.23568401046718	1.06850351353698	0.942986995494855	0.865748048071377	0.774126153883743	1.04685330930681	0.749228707029166	0.884724946997014	0.824059306137073	0.344644952363122	-1
2.89092940879416	0.926405840694069	1.01882229501504	0.836524775533395	0.605897169483721	0.712563131302447	0.624154818448236	0.768227563481302	0.709027551307464	0.269149610280627	-1
2.07608006356905	1.01327860681264	1.06087898248598	1.11216466887782	0.70991382057092	0.637562021735865	0.55463336929357	0.558370997934991	0.707165215011938	0.425701225612136	-1
5.40190886063468	1.17739094833336	0.981674348999387	1.24361934720893	0.743956563691433	0.855745644866075	0.850013127069736	0.733711540150717	0.841967166097556	0.453246464557593	-1
2.23128838872692	1.08943019482291	1.23519390448647	0.973047169196017	1.02547191743144	0.649996208530973	0.683340196821188	0.747102831212103	0.751617971252861	0.361589507384113	-1
1.76960850040247	1.03705581159339	0.828214040794104	1.06507369246938	0.85650511512334	0.724067596051096	0.727393975939832	0.815250744536653	0.659831771378197	0.47709140471838	-1
1.73259255331439	0.88160479110101	0.866503396281595	0.873566980123019	1.21632430617775	0.679641425388046	0.844944742227334	0.840538290483935	0.751209957900038	0.577325249123896	-1
4.43803399939816	0.525504947446963	0.59903459566813	0.571960779071403	0.788197798898938	0.759952838545558	0.64679843181348	0.764316390143773	0.669533237691415	0.304933457556408	-1
1.73834775707819	1.01268359651839	0.894346979044813	0.960796390043635	1.23178516104165	1.02616165525695	1.02366748643141	0.87471551163718	0.852030584701371	1.0164909566314	-1
3.50826724822817	0.65228965546847	0.827940970793558	0.983754613554472	1.25843170767878	0.80933685978157	0.967525470959728	1.10252154431528	0.791281505744425	0.433403572100217	-1
2.5370656500734	0.531009341500915	0.646051987052089	0.76627113209031	1.24838559524952	0.75048184599327	0.785404229259675	0.775346958370277	0.706541900590746	0.420780837264003	-1
1.54266467472635	0.6683935323433	0.859799670166954	0.76827747886138	0.970243008957751	0.645331414571554	0.650261354697581	0.814569024417863	0.737438565733078	0.579575776424535	-1
2.05246547223304	0.728779023457645	0.684031360667808	0.696208085931251	1.03641223664955	0.739230914294364	0.781090339699439	0.758318107044979	0.790997017949968	0.610572852565846	-1
2.47079428724252	1.353021159217	1.21511107811076	1.50804445910023	2.44428933609183	1.09040764860376	1.23152330905992	1.01204118650334	0.955476571275867	0.551362331611326	-1
3.52736571318945	1.23154558986008	1.337821702428	1.52751653608785	1.55125340598876	1.0697123674706	1.03979608964745	0.740096320179682	1.01896400065561	0.694133791272885	-1
2.25681912456135	1.0749668893981	1.1451916927133	1.18071963736346	1.26486304847619	0.837029889526612	0.863029163625957	0.869637397529106	0.839485422152936	0.516738668367775	-1
2.76571143396373	2.27826195673976	1.74858152493748	2.10825594357021	1.57523584385301	0.875863452168904	1.13084991843422	0.927413640168893	0.917926937521766	0.524287360213161	-1
3.66828385265764	2.60180485179897	2.19152886423553	1.67468362979548	1.70250730470049	1.22452555498362	1.50488222339125	0.905172012833501	0.956876718402578	0.683580822594774	-1
2.15459797667955	1.29611208406736	1.19762100034041	0.965773444879462	1.82919488229431	1.04325213614812	1.02627356681291	0.83736743521751	1.03167540340167	0.611923432863745	-1
2.13972748312585	1.20149540691015	1.2248458051882	1.41589191075552	1.62022495668311	0.928060974661994	1.04851472365942	0.808911636823459	0.938929792807788	0.800203712003535	-1
2.40120720129192	1.73715684422389	2.5778863937843	1.9293207187528	1.68290872009457	1.00735838614535	0.977118290097145	0.90932046586608	0.89272079738943	0.736368776230501	-1
2.02555022739761	2.01495236169129	2.24588620966144	1.79708185788487	1.26923583955069	0.825496190053998	1.00350407987143	0.606376243645076	0.863108737035912	0.931350099788642	-1
1.98952472978995	1.25160091984669	1.73408980997367	1.40565993506252	1.34860918041103	0.926592307306039	0.721045846515155	0.759989848367101	0.899286405104541	0.409489825678381	-1
1.76823079620898	1.07917305638154	1.16939775187674	1.08713416604669	1.04784923388357	0.721912632618579	0.703815200660646	0.668291546663297	0.674777996791199	0.360742364996705	-1
1.99060115626141	0.983898041893593	0.915590605569219	1.21266496275195	0.755845895677437	0.780307332639037	0.762102155164262	0.785861213665402	0.681665887759215	0.416408367451352	-1
2.67074183737655	0.935807328221961	1.16844767454036	0.907969284150891	0.686149693219693	0.756440797212432	0.718345433885569	0.688348253574263	0.554102424922751	0.574129606286291	-1
1.57438935415013	0.665965844500183	1.03583176802161	0.834482679820781	1.0777207558525	0.693850412727307	0.691166703682141	0.651480951177469	0.696020045658915	0.332187618723145	-1
3.14217641784749	1.17830587872956	1.46639468200467	1.23553170274854	0.953429082563274	0.693406782125548	0.779443272006229	0.677599178837223	0.824663772163068	0.711438609253503	-1
3.43254767862498	0.802435596677148	0.803194036983587	0.766504485287282	1.00894503372794	0.803462714954335	0.712559553002908	0.712979771917806	0.685794993680545	0.53066240273267	-1
3.24500613538524	0.619578417306703	0.692145420984205	0.75841675102121	0.790661213474406	0.787568276496967	0.683008196153963	0.804823145368919	0.773464141669958	0.4359675465468	-1
2.51269287577185	0.754071904369217	0.574892171301692	0.845149106893717	0.809263040888855	0.938820657613796	0.694679609649522	0.62799017488664	0.654458170983055	0.403469789345279	-1
1.77231871154501	0.702241542946892	0.847045687602105	0.631008248033374	0.672537660947929	0.865441861305604	0.741234500613229	0.610126866577185	0.760684356297265	0.520182025628501	-1
2.18081548527553	1.91330801703485	1.61774181000961	1.3114055209343	0.997821789269957	0.742760091789548	0.912203804910214	0.774379762102555	0.777454487906874	0.452096192684421	-1
1.73474519253132	1.17451331586371	1.30139611168957	1.01035621829445	1.24911255665129	0.86784373057814	0.816974159766387	0.86907833359025	0.874121468104837	0.539452882024033	-1
1.46909754756533	0.569054894059707	0.656839228398044	0.537549204714321	0.758655163625944	0.842248215895086	0.709015327399023	0.925643819069899	0.808193987087779	0.383901813222936	-1
2.88536148179053	0.551819338387212	0.697204585134692	0.602923507535403	0.911310115054822	0.803175399552371	0.6431522252857	0.733335425606182	0.73389164174602	0.48845297109508	-1
2.00609807423589	0.644116729527271	0.68380001093008	0.760988585788845	1.15290705711917	0.952741855951484	0.832651037405487	0.95473732046665	0.931554782727205	0.432690527758039	-1
1.77353465769536	1.20580255276093	0.971055726460446	1.14180532661414	1.09001467304043	0.988660723763549	0.902433348742997	0.642794116725789	0.750532497910758	0.541342659200806	-1
4.87170719185003	1.76437878470219	2.02513623816344	1.68812943999654	0.835130641888671	0.832285115873491	0.875685157522363	0.889561262324262	0.753245896530272	0.418298474516639	-1
2.3983459557126	1.478132484082	1.71490720051254	1.6776132756858	1.17727185629186	1.083967574525	0.672996290027692	0.830550500320569	0.636203520386603	0.52356991615438	-1
3.04642751359718	2.63792683139241	1.9465424760792	1.98130098787101	1.18420938219197	0.732839024575328	0.767985132895516	0.990614770203995	0.827894930127472	0.699053837836906	-1
1.69216435912762	2.17850872464689	1.83015129041941	1.56292920800715	3.08579576643098	1.01721788052844	0.975160652392123	1.01084657967679	0.764191429275646	0.522581306225296	-1
1.52788075684018	2.81695510790531	2.24771869866671	2.12439491829866	3.13860295414997	0.853194400402425	0.901765749950745	1.08507943760575	0.964714640081734	0.517343190281656	-1
1.88308066687629	4.0407519237419	3.99425452955053	2.73680173772365	2.11231373703344	1.09664363532999	1.07468238567379	0.993894224557801	1.16920828626017	0.555760877726524	-1
2.02709199714223	3.93886736928863	3.25155965317798	3.19383858114329	2.90507105810668	1.15748573851635	0.85138306035331	0.994368691904771	1.06790151226535	0.871913281377926	-1
1.3201729663508	3.51272015743525	2.99052350779172	2.63259523728077	2.53978088107768	1.04128118132806	1.01275715326575	0.895584563426312	0.876953663854707	0.758361687763125	-1
2.89356489785054	2.87369956294656	2.56616467227822	2.75368561326119	1.87287700820256	0.754190997981156	1.1001818611708	0.90259539342292	1.00026195162943	0.556345113182116	-1
1.87970390276672	0.850090256477143	0.989404015200021	0.992041902565992	1.63191659230566	0.970880792937734	0.944796169350708	1.06728874700686	0.823860427068661	0.379425279397476	-1
2.20353286122142	0.786394351978378	0.835942103005009	0.926967570753688	1.60087787244568	1.12417907520309	1.09374926073438	0.970950276933822	0.748771841657615	0.607366309885189	-1
1.92637900020392	0.931485937171064	0.689735926566693	0.948512388389216	0.939273895358912	0.953874023819614	0.941516811421937	0.816566907316539	0.901100950251537	0.547562759258673	-1
2.24448363633711	0.799848176842447	0.919742281834392	0.943555175566478	1.09529489943886	0.903703396154748	0.844488532204978	0.777656348058055	0.897189441571361	0.4731583574349	-1
2.69759898277586	1.15721016244641	1.22210306534729	1.2497328222737	1.29714933746487	0.940371384687756	0.862337977291087	1.01965381634207	0.902525223756964	0.406731603287953	-1
1.30541488462925	1.66664869129584	1.38303430689616	1.72044280423266	1.06733445462166	0.928970490101466	0.784653226129154	0.892383229735444	0.984866008584813	0.490523796230201	-1
1.7927391832157	2.75526374559354	2.52555377446999	2.48626188157262	2.19305056803061	1.05431991738289	1.26497347946866	1.11041168738996	1.1356999067115	0.568702089903555	-1
2.26703245393677	0.97485733715758	1.09814382245962	1.20615740750691	0.892582203422953	0.853028140837781	0.867188188687794	1.10825870000575	0.720467803126702	0.372420263089412	-1
2.22019739209335	0.643679647415694	0.85401672464588	0.576028202602247	0.922943503172007	0.959095881715845	0.726985072009981	0.82851495971138	0.676873452670319	0.3978200106345	-1
2.05582743533955	0.526804806333177	0.579555675592485	0.647126839484584	0.902592996286305	0.85121751777513	0.835915336291172	0.862679244390489	0.765738169662555	0.489771430718717	-1
1.65460144694766	0.857096167525331	0.832209748223654	0.985776614315831	1.08224982286646	0.808991692699152	0.811147233937817	0.912670312750883	0.845614863038428	0.379926099234578	-1
1.57548019472413	0.637849884145696	0.750041710420597	0.69923999432723	0.804002017022764	0.858625506007912	0.931037609380701	0.926615715223522	0.838632341095139	0.459564748281621	-1
1.32627402761724	0.778419168102635	0.680909740973256	0.772001307773116	1.28514655463382	0.881392076688626	0.852800522162657	0.945201589225689	0.819647332853031	0.828496485643687	-1
1.90248669096796	0.690016856987898	0.728232636998851	0.818768497268538	0.876083775869952	0.83780477640987	0.738472879922774	0.847152442958862	0.875173763972265	0.384077557533741	-1
0.94392367940581	1.08456081775129	1.1779201051281	1.01157347507085	0.985343557758448	1.13097530579086	0.952789230685022	1.16274969141768	0.896466960781345	0.734568709660372	1
0.857374259755895	1.52569148968724	1.14986787249892	1.30017765044432	1.07612740575164	0.910404664195998	1.17407798170805	0.936415123289199	1.03868502720969	1.09517518649849	1
0.958373593817831	0.823018533070401	0.777417577338198	0.792328568165331	0.78284165904859	0.763997779794979	0.806423958911452	0.77615091053309	0.735392150482793	1.14845987126075	1
0.588489292465266	0.652105694099412	0.583403229030471	0.496409529354287	0.753665322859984	0.661200312071523	0.940741514847832	0.959472107645452	0.75477028917891	0.888824271643343	1
1.49047379395623	0.849407020110958	0.852598560694588	0.675992819632174	0.7100577460359	1.02527392508511	0.799172567471759	1.06372757089788	0.929671176030862	1.13535963462568	1
1.19324056857309	0.627799238575641	0.861983785118873	0.637758126384071	0.799313581895595	0.869008338554044	0.89472730767209	0.915128436784405	0.814654832697717	0.957062536204688	1
0.983741693038343	1.53672238807764	1.57498765364968	1.395709975482	0.962015019372057	0.969566528797005	1.02970270078011	1.20206879811602	1.37223208518716	1.42860502217064	1
1.36819333202374	1.41718796930992	1.48225681057521	1.62301245739596	1.31104739101671	1.11003010958667	1.31526466415396	1.46445773891246	1.34372657056876	2.43314732221912	1
2.33383458774207	1.82325397840922	1.72508338996458	1.66823095580174	1.31160047342804	1.50495531913233	1.56601483129661	1.29752631491232	1.79610429394655	1.03722167778342	1
1.32798099068632	2.06398249997282	1.52229977790433	2.23808571019125	2.20027207014603	1.7857292882601	1.77196607117793	1.56980493705574	1.68625857608277	2.0266679190947	1
0.744276982674705	2.43299082543344	2.40412571463365	2.39558864308878	1.1444682441651	0.974055950923635	1.16154648357933	1.00284912165744	1.25556813368478	1.22128988533882	1
0.628728876066123	1.61262033037431	1.38679419869064	1.36315249933569	1.03477178151013	0.704690066433306	0.872421466923629	0.949301091950519	0.774037006381006	1.00587805117738	1
0.668001825450431	0.842613988560029	0.898553469155611	0.912868154560187	0.683678712801423	0.935016441841678	0.621942267209415	0.923231445149015	0.863968386214821	0.586446807166251	1
1.12584196794179	0.971718445637346	0.889577922155065	0.963262315346716	0.86526130956406	0.916368716944291	0.941447153095003	0.98386679034858	0.936877278994863	1.22971480616814	1
0.886332319029864	0.435062339387685	0.585100814344978	0.632974307153037	0.649896147815718	0.812176248900826	0.784904469492066	0.864049692777385	0.922641456732523	1.09159115629811	1
0.911217351231858	0.858176213333841	0.902146418165782	1.01232804466904	0.766795875530693	0.727468283174807	0.66488957086334	0.751719353123289	0.978037251695961	1.03049396572392	1
1.45280809584065	0.967349656043353	0.914558940410152	1.02217173352541	0.81122285998544	0.981898902009728	0.841711679420139	0.797675351134938	0.883212601074808	1.07842304463226	1
0.754153377963324	1.53490056659209	1.2125880420885	1.25580466436606	0.833922771403444	1.18813039104486	0.776533492144671	0.846029114708982	0.91736055651277	0.905780978506039	1
0.623855086194208	0.91778086528869	1.06164881676414	0.939122078715761	0.63254582602191	0.796224774219711	0.772602856557559	0.906854860140535	0.946774450069744	0.567363699671262	1
1.1820371971737	0.867415264169508	0.675029318525361	0.918936259903102	0.863330525966436	0.976787623691414	0.845364361054029	0.780204076045813	1.09253018801734	1.17802575027718	1
1.1162954799159	0.810981851507415	0.870836702788109	0.959806231674434	1.37315447022901	0.841555111292332	0.772063760889672	1.00709247177965	1.14075318001059	1.05313228578325	1
0.998422841589778	0.70865029072623	0.692436636622406	0.939031476499001	0.938943667753852	0.86246863880027	0.910507989838346	1.13289688244405	1.02653108040028	0.797181047342794	1
0.937674887720127	0.470034805607505	0.781503943006011	0.674277658155974	0.965054369456493	0.79033359680554	0.950356016956915	0.932239404557091	0.890738629778316	1.16207981973027	1
0.931731919837855	0.62677941571027	0.912900853084834	0.954514801479619	1.1241827664916	0.862921717157336	0.913259156808131	0.864718210930226	0.944601331081083	1.34537251252474	1
1.54952800194422	0.609651683505587	0.702919298409725	0.707794374107392	0.941971388480737	0.698243248078327	0.942042732355226	0.905986909334672	0.993452388807268	0.60599352856701	1
1.13056376743584	1.13918391365994	1.42907600838948	1.02538677472996	1.18213673888454	1.03134991929681	1.02628264046724	0.96737953484886	1.05794569521207	0.881991591473339	1
1.06701146957612	1.13195732448993	1.15167547094387	0.815715356156365	0.978467559306065	0.859194869709904	0.917513707688747	0.990623189724245	0.762613967892245	0.957307538450395	1
1.47395417442926	1.03250328060254	1.00856273683857	1.12956649603594	1.79681221883739	1.1568835523155	1.90047156284699	1.17651996052794	1.14501278618719	1.28050070552028	1
1.34877928439459	1.32045191654102	1.49712882914535	1.39683683420021	1.06147564230783	1.11736252334814	1.35229925673346	1.05700962388584	1.25722563598022	1.48713622333946	1
1.1857287639202	1.13998220845695	1.10013427867764	1.0271536997253	1.14504239239037	0.958611004607787	0.989556329275501	0.854583414315264	1.07214862117031	0.940798573571072	1
1.00199014557335	1.35460572334256	1.0920670448322	0.964774491898761	1.1683739152192	1.23206882705749	1.00821108917835	1.24675587739619	1.38026162073264	0.884769476102622	1
0.655500942285492	1.07464273829629	0.98503958101725	1.14091164012289	1.10794897272163	0.752670385754148	0.762958795887657	0.848372698071315	0.722575536088458	0.800795328296117	1
0.880589599348322	0.928537324890238	1.05192024321876	1.03392535819215	0.868973957205584	1.09156766820091	1.07706500385431	0.934114249872664	1.06408165367845	0.893941177477223	1
0.783031335035972	0.845182985950317	0.993782547459651	0.850007621043121	1.0674222249044	0.886630787678502	1.05372383350744	0.991679517054394	0.970742209999813	0.85301068031852	1
1.1564670810331	0.818367459175277	0.948912502094299	0.791051818026923	0.966037418894375	0.81287909189446	0.749735838646962	0.907660201113032	0.655968139579345	0.605721066715764	1
0.625988347108941	0.905572235308194	1.22966663062426	0.981123991350435	0.638442301391282	0.771048237785967	0.62741732466397	0.768171928626971	0.838987192748701	0.827502503880569	1
1.05428305533662	0.659959884162578	0.821504851495663	0.809532155918885	0.76402370176272	1.05346760245969	0.777308211911294	0.951884411041637	0.999385755656666	1.23174078802402	1
0.795404413557918	0.959161411973497	0.881182325102619	0.799048317528011	0.634152714605572	0.923188121115673	0.700895135141082	0.849439114187306	0.871232341370751	1.06011922775375	1
1.09616124017731	0.564812933758284	0.559044778125444	0.605236845303018	0.658111237676177	0.694716661768282	0.843645547996167	0.873136267999857	0.830116113699631	1.7640616316986	1
0.622533118489067	0.577124682579166	0.49426526700889	0.676825141506031	0.844972606519079	0.694378941276534	0.65815092264427	0.71199977965027	0.911294750317876	0.86046893733728	1
0.791953277687646	0.451517972044114	0.553793544574195	0.593270314784552	0.693676233470095	0.700297300913168	0.708748995243562	0.625774722775151	0.593791737666156	0.766301096081928	1
1.22420871132053	0.482436970201998	0.545255852386704	0.535041667377501	0.647079736670054	0.925271677817011	0.805072672269298	0.717156904038001	0.774513235269236	1.44981589708312	1
1.0295210457222	0.568477946452095	0.523637422895052	0.602261932699325	0.79880937611962	1.05440461642962	0.777877286778626	0.798420807110528	1.04296214857831	0.980879881439284	1
0.949934512422725	0.66238643286834	0.76525033966369	0.681106937688008	0.985729051718708	0.866595731592441	1.0481153553169	0.826413011950638	0.749786587306385	1.10296757983499	1
1.06238679177287	1.42350425969688	0.920575226899506	0.887218542003662	0.968783494456348	0.920677348174685	1.23049608073686	0.986000447599868	0.789012701621861	0.859444147416446	1
1.23485325307027	1.04016887026225	1.02805191891003	1.11900958422063	0.920410133267703	0.990336159055829	1.43366460284567	1.23494787034426	1.14557370683834	0.774747524538314	1
1.5133988398285	1.46609494212208	1.22788758394956	1.17596329727174	1.41558205301787	1.40660318765061	1.29375137104951	1.36893716354711	1.11433085420308	1.02720624188249	1
1.74413289345524	0.652210121040752	0.661457071667111	0.661900730408566	0.721746547055091	0.881649100218121	0.820978150614283	0.918424512795187	0.936426943003426	1.44620831954474	1
1.88698621516618	0.433729878476344	0.517055421800435	0.533858365411445	0.644655354805774	0.904013811213669	0.798888376559691	0.859780935560359	0.740359114401455	1.06261242370298	1
1.01086739556621	0.847406831159432	0.826080479000252	0.926835199464329	0.969346271296789	1.03747953991035	1.05686029994708	1.12386187889789	1.04617714704992	1.0806656312928	1
0.951239781440341	3.36133250104952	2.87320518016335	2.12171357299312	2.24762778374674	1.35859271901289	1.31299554416124	1.39891929620685	1.29906127010781	0.909445133925517	1
1.00806625908762	1.65129634863524	1.46570063899229	1.43621036230836	1.8049397532592	1.04600072702101	1.20811082653648	1.16786736570413	1.15398603377994	1.01945178588869	1
0.853178074951183	1.10796711366792	1.07178333380208	1.45220129783659	1.37297513716719	1.41662147226011	1.03780928197889	0.955223203031033	0.965267068162918	0.859392480952297	1
0.765563072790404	0.632653438120351	0.654097781320662	0.887271413057131	0.81430999849189	1.17119193207922	0.834213437161817	1.19905078580033	1.00959722356539	0.672556755915611	1
0.610651557423461	0.652667927382097	0.649060212583051	0.89435842406186	0.941177562076149	0.968448514538209	1.03929031631416	1.09438843406123	0.915190357786487	0.817678732892413	1
1.14539531110546	0.84809401151305	0.686089355195208	0.870639959067863	0.878785602731192	1.09410616244822	1.25616087569077	0.98136348415131	0.921765721660382	0.512775330013099	1
0.716716100773184	0.789329245839856	0.959317075092946	0.93904356056668	1.27568964873047	1.16389302824703	1.06376001726387	1.17893498681031	0.964931958121917	0.717102835652063	1
0.733415238524859	1.01435772509962	1.14146922683995	1.23750989630873	1.34416012581426	1.10116775146432	1.20155877140659	0.881157360174651	1.29685441897297	0.699046927892429	1
0.968941826353779	1.54896289496587	1.66607890736126	2.30167886898601	1.67434657392022	1.24885809994871	1.35616794669938	1.17271688950695	1.11372051330205	1.22958868941055	1
0.609674524426789	1.04533208185627	1.03120262092255	0.870149870607633	0.994165368424774	1.15035329422899	0.831352364389588	1.21751173857142	0.930024091879343	0.809800383368493	1
0.967440844507101	1.07093562049822	1.21699540354792	0.971561781503287	0.84626151582306	1.12089606100561	0.744875023047093	1.00064732034011	1.02077873158022	0.715001219925801	1
0.528626258905091	0.859618998691284	0.94658568073891	0.916481513569196	0.837266326671556	0.823745047109488	0.998070733449468	1.00926204831674	0.971903418870768	1.04225453663822	1
0.791623638406322	0.795333608347032	0.755306044213808	0.702651890405064	0.805194669789654	0.978817445603876	0.998774943508767	0.977778264033276	0.933079510693566	1.02549311841153	1
0.761701121604735	0.754068793113464	1.08147125091433	0.883154895371221	0.85455168249186	1.1185878571204	0.999758113527823	1.10743935324282	1.04851375302433	0.581627115541302	1
0.797063404280188	0.904174360652616	0.922845991434383	0.664530941859594	0.947584521207287	1.01425307836634	0.89418130736367	0.980231719910937	0.956342955695424	1.00105290882145	1
0.839517905441883	0.544681616810555	0.582070395906785	0.527449462834728	0.710233377287728	1.0542097632166	1.18400710166259	1.03626454284437	0.965834393899904	1.19362304685501	1
0.91057705412666	0.574372503691939	0.591541945248764	0.661423209844168	0.817984699897121	1.02188480878538	1.18987717487454	0.848303397238102	0.987734152881669	0.685220974315704	1
0.682266979755161	0.475353145760735	0.746391702020825	0.742765930579383	0.720760181269431	1.00601272951932	0.930590216964043	0.977324591736858	0.778881759204816	0.501319574940245	1
0.704990572913994	1.01356112138274	0.80921253097677	0.718167534914545	0.869193931576156	1.14480798171089	0.927313607398836	0.929442493739759	1.00544149595985	0.774815432903872	1
0.945588797428207	0.980470524470946	0.913026915255855	1.12155998975456	1.24809474063242	1.64972357648204	1.72396971890171	1.47590829599798	1.52851909297666	0.783179332891228	1
