1.30757574590858	1.01318444369469	1.60267557170779	1.11360423275085	0.942172532109725	0.792915504872382	0.78024919232799	0.900525967507679	0.753432297427521	0.533898610357876	-1
1.37057808089503	1.23141671813366	1.08144942790715	1.33875148711957	1.00478451158317	0.70757856135372	0.745446669460839	0.754358762070338	0.8698257723104	0.584573487522826	-1
1.02798738881258	0.927615676963905	0.938064140281538	1.24377888154429	1.02424355346073	0.618361629201242	0.842731451755284	0.705262181184374	0.742035411448701	0.602070294783499	-1
1.40807014063349	0.926542861765059	1.01480402028654	1.2579553017695	0.732577017225859	0.89638527645508	0.933446420426044	0.756083529395086	0.647706481677195	0.525653829501292	-1
1.33070443394504	1.25733122239987	1.14230932337132	1.29018868549123	1.47915012023883	0.950049457581187	0.688664989288141	0.767913947215694	0.894536985890611	0.611448373317948	-1
1.71040248477473	1.41069171059324	1.17044154138438	1.85876197156582	1.00042946041728	1.08004474238728	1.08042231157214	0.910166724465558	0.940982096251481	0.762800457086645	-1
0.980327515868869	1.13317335249824	1.26279285228042	1.07871326183465	0.945428847846051	0.697821133266939	0.773181444861199	0.719789311844035	0.810677322442144	0.732378689808495	-1
1.18774795948478	1.12270006386402	1.52096861766661	1.12140052970493	0.925519323868476	0.998220926097742	0.71874192919963	0.714784696894063	0.751209337198637	0.714361201969163	-1
1.27527856587656	0.888661206591479	1.05789512549378	1.09799852118053	1.32293044778388	0.778958075282428	0.776436990267852	0.758296420200307	0.717346412873862	0.690584040183393	-1
1.45333654037445	1.07454651395575	1.34987770345846	1.12834228925426	1.21557085072423	0.882081074936324	0.931551262032424	0.769350699753425	0.91581054308917	0.70786533819239	-1
1.19096842847087	1.06654032538231	1.1332029025844	1.22325075913831	0.967261888641571	0.748141597135561	0.782574757183409	0.891025867877445	0.848168703423017	0.497029674875689	-1
1.86215855569806	0.864609042315033	0.98489267919301	1.13533824635258	1.31255304908968	0.821358961205044	0.942615082399599	0.835145298928568	0.687764025357099	0.455657390436515	-1
1.16707754275977	0.986439173259806	1.1024449025915	1.18080304105494	1.18094244967613	0.740169939038811	0.675115965490117	0.685893249472822	0.798508698990751	0.379252748596788	-1
1.57586339615622	1.35434923892181	1.19532201651407	1.3893355328788	1.36030433677517	0.648912387236424	0.852244132629154	1.12107446056521	0.858902368177729	0.531879819378784	-1
1.0300841008456	0.87011248757175	0.880678413482063	0.96490514207886	1.10265505347649	0.709217713786754	0.669664880625801	0.621777621029909	0.653363217312197	0.549977697751683	-1
1.3476780774732	1.2102421900977	1.12984554435314	1.07601612243733	1.29768635983745	0.718811089636765	0.662424069791242	0.836430215725619	0.872996652843683	0.554552193110969	-1
1.10946516223953	1.17757058438544	1.00482876585561	0.920161067101147	1.12686230243278	0.754035422456519	0.78127906404251	0.81682118966194	0.718052897486299	0.442724287729142	-1
1.20156885465265	1.31148956226487	1.19102269849607	0.927107964285979	1.17556282433383	0.721680541289776	0.943581099210213	0.982109146597972	0.77238040778639	0.492696864122949	-1
1.13812854092271	1.25521067597199	1.25450510070403	1.39396898029176	1.20039111054888	0.974534091691159	0.964158233516281	0.766204498205657	0.817122583546233	0.646536744692677	-1
1.23407922663783	1.23420120159385	1.23640987803572	1.13232477861672	0.927792379531934	0.741553137133926	0.922658432546493	0.817792133497983	0.857026885293298	0.529458018469287	-1
1.45448368911117	1.14903846073826	1.23033765249553	1.02059267429617	1.37381451687905	0.819336050355387	0.830175460813005	0.693942879567352	0.784079474456797	0.595059785909068	-1
1.29207881432444	1.65357479364753	1.03890828243623	0.917385946755293	1.20300254059875	0.87528666229436	0.789041242659572	0.883932998704784	0.552715440756191	0.473730724606502	-1
1.11256998285974	1.42496530659918	1.15693345491759	1.31286387338343	1.40759284328537	0.822947264121855	1.09951728330172	1.00781132348719	0.839873104779888	0.534255300568223	-1
1.10361382529425	1.05671707282917	1.54235287508991	1.11859592377452	1.3975784283389	0.955074821350406	0.800440125291577	0.604698580903194	0.605614610719855	0.52826020935103	-1
1.16531505087067	0.938720886616179	1.06825572102207	0.784297037869903	1.23085743711182	0.69825928140984	0.901135703600333	0.537305186772643	0.764994494738119	0.421606612688735	-1
1.31893366202825	1.55546700539767	1.4491964751278	1.07470814448794	1.03058499505209	0.840426004945758	0.710662856276956	0.806770140599414	0.719557445707967	0.465253739361298	-1
1.25919433000209	0.937301578580836	1.11204493014376	1.32007199788557	1.05596897878876	0.800793284487803	0.660035632020069	0.782389887641352	0.841658580732766	0.447263992719593	-1
1.29817423948822	0.980520979991668	1.08121707838291	0.998008042107138	1.16908591063971	0.916586633277019	0.770411678751008	0.787711367551767	0.779271432627022	0.508131253450119	-1
1.37737258494923	1.22320883289623	1.26511325641921	1.41248278195581	1.45370731838464	1.00066258747315	0.949840919083438	0.962056073008148	0.90937380862769	0.741324842866984	-1
1.33968360506496	1.19802378036678	1.2550106579949	1.45296803129443	1.38857296789376	0.831384063937397	0.823000324601431	0.948966680334339	0.787755884209523	0.910426498929778	-1
1.08036080864123	1.0837751159362	1.08558289629985	1.06323631557412	0.917484907278511	0.774009388185276	0.848297433506435	0.851787902475131	0.660619358724416	0.456092793468793	-1
0.869842173571232	1.01088558444689	0.910398019780403	1.1021900051951	1.10690918114205	0.862183773489663	0.757572115193718	0.551893727164459	0.666971915175342	0.415945359578299	-1
0.931457882040604	1.30114460244573	1.19051852987881	1.06689464404174	1.21967667217451	0.819199282568594	0.796534252051583	0.774513386364523	0.746272996949875	0.747883402334383	-1
1.34132353600983	1.1659914937474	1.20873381000651	1.01948373725111	1.10679183061362	0.891061628842777	0.888732627046891	0.778484812033752	0.682548263981942	0.565727574988269	-1
1.64203564605602	1.07936515565763	1.19732378601728	1.14186113776314	1.15312349463904	0.780963092857291	0.925173755157451	0.614084122306593	0.614251000685761	0.629576557838952	-1
1.5305008228699	1.16263356013369	1.1294478850904	1.16923025656624	1.13808720987269	0.816524808625781	0.688306666321283	0.990633274899549	0.883060372210971	0.866948337688045	-1
1.57872963589502	1.27171812381994	1.23826100907495	1.01689641486651	1.02793672194086	0.870344594911008	0.951858493944518	0.784575020308581	0.726398388515816	0.523484910245132	-1
1.11746957401649	1.0043978930111	0.997474138783812	0.774645698696884	0.946482070844027	0.744988143800501	0.698488933869688	0.673054095464328	0.741871772074745	0.980142771244178	-1
1.37372181058908	1.38313596449459	1.23639728144877	1.16921219895633	1.15964482925411	0.887603402296265	1.04797677314877	0.880791260830839	0.72087430040753	0.469797021261168	-1
1.44271138023119	0.94347158932385	1.045562112237	1.09524219358765	1.13261471885526	0.723898642752038	0.747512222048649	0.654003679741592	0.644341552483308	0.678612881335285	-1
1.58788842783563	1.26280046647301	1.42548770344455	1.29779401537534	1.41412825500288	0.938818762794613	0.951457957767003	1.12623681120392	0.887464158326621	0.535726610866259	-1
1.08276646959407	1.21586616368899	1.30684468644058	1.22499122147694	1.08965164045798	0.889814067440296	0.680385588031797	0.946610785305651	0.723822870652264	0.671723688507797	-1
1.11928222952136	0.970066229869338	0.953488371525883	0.886824895231009	0.923371534619712	0.774183069265467	0.627610609505576	0.610220622220256	0.832848969345528	0.571936005043795	-1
1.2225303560263	1.32158843965045	1.32183110949795	1.25476443173659	1.46733463405797	0.888606425979825	0.877446965206357	0.872828384680433	0.92658875227911	0.671029575401529	-1
1.26187043547338	1.14916264214814	1.24998507743323	1.12270379870458	1.01999265546463	1.08893460958518	0.701553038392433	0.825502340403147	0.88451700854179	0.602924389627339	-1
1.25441948707034	1.38310428176435	1.04030454384502	1.29375815224198	1.01575984057564	0.850879452016532	0.828683956965602	0.700649516881537	0.828573208888258	0.449674838076462	-1
1.21761748936656	1.19014702639076	1.36887964727492	1.24952804280945	1.38391798782374	0.86373263679011	0.795068318190056	1.02804930725891	1.02801594525586	0.690346363202113	-1
1.26744386743121	1.11691791272346	1.04798875704576	1.27709087198693	1.1532588980758	1.06165862929142	0.669967487501757	0.775115852211207	0.822073559688287	0.607011003088181	-1
1.91643547849918	1.29042992386647	1.29998047133765	1.04400679224128	1.23575608608123	1.02247429348227	0.879537459879684	0.78579234305398	0.649297460657483	0.522246075643305	-1
1.05365020675908	1.1349150741157	1.10580586799142	1.10743638764207	1.02629067674342	0.872106544770299	0.806725779045273	0.75000971760051	0.772064714624575	0.951265971041342	-1
1.33077495468834	1.53668977330787	1.29612775585839	1.33237350967644	1.29846470537038	0.777803967374915	1.01380635395275	0.860043264174522	0.866528644891044	0.641160732285867	-1
1.47117168305455	1.45501480090147	1.13383284152173	1.3735363190384	1.28894432127358	0.792408392089978	0.811320452455564	0.912084226961076	0.826280766302373	0.609224779207871	-1
1.11819095045281	1.32714248412	0.927379649551861	1.026699956537	1.00598348678464	0.899084491018499	0.878602718049663	0.70536031755422	0.735267381778995	0.494394331977988	-1
1.52614854554844	1.24168956148765	1.61289894946403	1.30383206853664	1.126746441035	0.902901694065374	0.831976333825474	1.00604190225098	0.818114942537642	0.504039306234428	-1
1.34669815262156	1.2852672291411	1.55911588473882	1.07466826958699	1.58184803531306	0.896226084138672	0.948954869836055	0.836726323517736	0.870140956864814	0.480682087725961	-1
1.4524962701438	1.58613404726472	1.42220578458673	1.40345414429669	1.29997921615389	0.868301263259586	0.909205307248415	0.801148841180438	0.89387756415741	0.613424845721722	-1
1.81897606202884	1.22625653439081	1.48132899768909	1.53459041571536	1.42639895498044	0.888135013746751	0.965461055735377	1.06340819369451	0.720430755619514	0.72915662176706	-1
1.2543896723058	1.22807167810415	1.05979517230149	1.25410264224251	0.994071673650454	0.861851955120753	0.916998245451526	0.773591386665265	0.944436560088109	0.567406418614316	-1
1.45125846847636	1.60689041853116	0.992747788102632	1.49100382985525	1.04263127646353	0.803040771027545	1.02464444288942	0.739463844023417	0.86616637812561	0.671164544915044	-1
1.55978662674912	1.41896803737085	1.3096959516514	1.29971465923478	1.33988393621739	0.882634179603484	1.06328766025782	1.02960087982554	0.925387284823705	0.667714358465941	-1
1.52048957858136	1.11137243571154	0.972648773035243	1.40958668180382	1.13348772683578	0.917831868705884	0.855794489004817	0.882303305189225	1.01000040662194	0.689297796755801	-1
1.15961562402911	1.29922579119227	1.36024713514018	1.1146771452908	1.27738012749931	0.942149350929958	0.921533151403707	0.800751012621964	0.724233040308898	0.465114893419853	-1
1.54285099228891	1.31051664156134	1.36798751109726	1.60557332046209	1.38890206148022	0.805601191679782	0.876217959935754	0.972994102784889	1.06768554470733	0.741997924895222	-1
1.3262255375312	1.23846400445705	0.913335250406129	1.22568158150529	1.16569967356119	0.778032622155206	0.822467118692216	0.700161392141117	0.643784737048196	0.490981464360565	-1
1.36882583150883	1.3150024273932	1.12934084710214	1.04434499327957	1.17877310866392	0.924960826111837	0.914876330961756	0.890905031079112	0.747041315904246	0.822820595274953	-1
1.34163744896025	1.16881455399547	1.40064530989735	1.27674647215642	1.18632916684945	0.608200992757263	0.816167011216229	0.907023024654827	0.747518335710903	0.650953581576635	-1
1.74674085879085	1.56702267397298	1.29976282547713	1.28472263207758	1.31824627158531	1.06246486587567	0.8792685976245	1.06282183650827	0.930137796817804	0.659724547070424	-1
1.27202339957716	1.58448775120401	1.09499476796125	1.18039972829261	1.45528502473007	1.06519534641986	0.924174093068535	0.793170702935871	0.715552184574965	0.608931849349325	-1
1.32642554509851	1.33709615779026	1.08895555032303	1.21789815078107	1.52884865934503	0.780737776993698	0.893584782689306	0.8455807259477	0.771438140941375	0.493745925282054	-1
1.49698342803297	0.93838504655476	1.36713327231597	1.47242804487919	1.20683560995992	0.879962522548511	0.888859851531923	0.767675751524786	0.81690815803128	0.430070260435964	-1
1.07507427242072	1.09757077993319	0.946693333492169	0.916314232970061	1.05508733482565	1.19994431164876	1.2193062495688	1.16460948670673	1.10883037135222	0.773752735148321	1
1.11349914731693	1.0176901228555	1.05733555805045	0.951793789141587	0.949341952768268	1.04871223067505	0.994541259163048	1.1670585090176	1.14671759782478	0.981458051030876	1
1.06284489105658	1.17387826319235	0.845401257264591	0.907724826294904	1.05515950953173	1.18296803225695	1.19830331554953	1.00543354631251	0.917185337358653	0.697136140273994	1
1.12711718891014	0.972492316541106	0.916435402746402	0.979895356226811	1.07879617654227	0.850707651027632	0.888308378106375	0.911270788807086	0.943939932323413	1.07234661302104	1
1.05084621286615	1.24522351774974	1.05095128322633	1.22289425023392	1.09313135215409	1.1578986261169	0.915806132589066	0.888417374311018	1.00291062308428	1.32121325815946	1
0.960859002060062	0.967017071594521	0.865154879305438	1.01017021799732	0.867729698349253	0.866344553093385	0.971901446119544	0.974371224197211	0.95702444502029	1.12111966977016	1
0.858694510766586	0.96419785214275	0.818600365616466	0.849216100849684	0.85682598992127	1.05129826296529	0.752926563075094	0.825203369992712	0.946966045066396	0.725177413409137	1
1.09260821935882	0.939532143750231	0.997189461646217	1.00550004207595	1.0465298520723	0.706470658325352	0.982644378966952	1.04648644683596	1.06465487629751	0.95191225823309	1
0.838573786905118	0.880691381141905	1.06275501332188	0.880137219409363	1.00785219937831	1.05604137088013	0.889369280383821	0.951764458952043	1.03129768001569	0.662543142055226	1
0.798345121653724	1.09907232941027	0.98396368944038	0.888451024921481	0.935574262846964	1.05645280197314	0.98385971442548	0.963532373890106	1.09702193786478	0.903765366575338	1
0.749695117315103	0.982250661063206	0.777006258880041	0.97205076655062	0.748955294070453	0.869996582392774	0.931490193012578	0.853439307177837	0.809999345502069	0.790556330014104	1
0.931864968245564	1.01190004099696	1.03105670807086	0.911528926918421	0.826592063536715	0.927315047304548	1.02448837547405	1.00369273264585	0.950908985121207	0.801131686597042	1
0.864660131063778	1.05163600465699	1.1686894033869	0.971115534938076	0.864449440434445	1.01172960621714	1.00417537116092	1.07700945411336	0.928307836545706	1.08852568355452	1
0.812842446707322	0.855576842165723	0.797812327629222	0.889779370076422	1.01670426627121	0.707283187643889	1.01094458964982	0.910205043894124	0.764848970182563	0.741329110989251	1
1.009728840646	1.01697292950604	0.890600236634782	1.24513040286578	1.00148276066179	0.838456909057642	0.779290382247377	0.885258334118233	0.69991951000245	1.00352949081871	1
0.999616485915492	1.03342537007545	1.01978633169996	0.978505150731187	0.870296868184882	0.809037155216407	0.932158919049403	0.765154704042996	0.932828339882832	0.76440465367463	1
1.0272014395113	1.01637236713397	0.869577859291595	0.875875766121154	0.962432463290579	0.998411788456261	1.05835613046648	0.824004972256425	0.980159174752814	2.27498304191443	1
0.923781382309373	0.965802193931439	0.813045205687959	0.813030024714402	1.03597320347095	0.630240221508372	0.81404257591423	0.726058490278537	0.814350802049882	0.870191276446681	1
1.12396452945394	0.889807733581973	0.987898680062992	0.894269562751994	1.0589163193566	0.966922504866555	1.09500321349123	1.03132732376715	1.05858882372391	0.709170371359375	1
0.978049283182223	1.13217107513152	1.02567718242506	0.815161445730204	1.12373381077016	0.852457990008845	1.12013486401282	1.14050102912833	1.10193731428027	0.643121170576336	1
1.02587275860108	0.856859231236313	0.900124956567619	1.1029751165145	1.17387839800979	0.877964851890407	0.973150584482547	0.915669573319942	1.07696678884474	0.741635523366738	1
0.799843527948854	0.928171321951185	0.805774103745031	0.941654654428722	1.02060438315446	0.773679097414001	0.747481138552893	0.916208757365227	1.07321245991757	0.779484238509679	1
0.994565022534577	0.862314380123761	0.823151250424198	1.0190241676721	1.02168448855857	0.905710910820764	1.02389179505783	1.03788798753411	1.04889060001662	0.662554183076386	1
0.926926408291588	0.977667966360133	0.750014682451116	0.779972057191818	1.04251134510902	0.981513356650753	1.0544779439238	0.927744830555144	0.892655106117731	1.80609015839025	1
0.854960949460426	0.888258675996101	1.11554854727149	0.844940199652201	0.643565026338327	1.10423343424867	0.934755449023601	0.846236419102926	0.806179927604096	1.29831880685688	1
0.966285896179082	1.172898605852	1.06793639684278	0.985458899747376	0.892150433586082	0.823599399991901	0.910034287778355	0.847696741222792	1.0066216446753	1.85969793387329	1
1.08831061096074	1.05764331067806	0.878695901217939	0.96649419419784	0.847700839198719	0.88619242175997	0.962781400895541	1.09772540038435	0.964666899844638	0.722358518193458	1
0.88013661129441	0.886778984067832	0.892397444041853	0.924332470347564	0.865361044292961	1.11075289065636	1.13077153655022	1.05727740723164	1.01691872369137	1.07270741998487	1
1.10530929810665	1.05932112140451	1.02904876210001	1.41244209746093	1.06008108138921	1.19141707330033	1.02927397489802	1.04543118745316	1.13899434784017	1.37126427758096	1
1.1674091762876	1.02555538513599	1.17758619306006	1.07614385939969	0.802248296741032	0.941551213639066	0.935352776090999	0.799222608904681	0.9102031721303	0.913607766315872	1
1.194530875292	0.866752839000641	0.760290922921847	1.05990344223593	0.935419438901436	0.867175492798561	1.06708233815854	1.06712141364064	0.838049451250809	0.736839573279766	1
1.04734594746259	0.85988408852782	0.894618839014542	0.908023214431308	0.973449998097995	0.92307170738165	1.20441150902923	1.11921758455281	1.30023762531159	0.787845689879457	1
0.968072015009461	0.888820882170555	0.774734512725928	1.12155886014415	0.856115769955962	1.01039200165878	0.842344644963999	0.872241052647468	0.77034806666212	1.00671060911191	1
1.03828742329362	0.991902181318224	1.05731289248339	0.970285747235853	0.988694409482753	1.29811055463656	0.972442247981764	1.16259540444292	1.10845281328257	0.780931233546834	1
0.880578283862833	0.783063279322442	0.774090919809813	0.871059420446549	0.924697486255547	0.90163378332814	0.865554479565741	0.849015596388889	0.857289256101747	0.694537382519378	1
1.12423888049688	0.986716160559296	0.952841460804262	0.765898221962694	0.954826430364233	0.975231421869345	0.733451966962319	0.83204993454287	0.940340145380413	0.878254649988942	1
0.78798634611727	0.854693221880085	1.04165826674761	1.06022584908896	0.961087417308808	0.910772124410967	0.976097991732094	0.841947095103177	0.852711686997189	0.873568421884674	1
1.01956441435805	1.13760850693471	1.04683703839206	0.955592455025143	1.04346664444852	1.2134368917695	0.96162052639837	0.926569595957269	1.15896390675294	0.705639114887375	1
0.818078619063705	1.00852472516824	1.13424792383984	1.29841441098546	0.918334785927016	1.02807099270402	1.04627481703925	0.950610458791508	1.00123883423752	1.05698974262584	1
1.01671557880962	1.02672387526021	1.13350510032752	0.799076154047441	1.06501605263757	1.23472295012362	1.03431428177678	1.02682805260809	0.997277126291366	0.79184625137998	1
0.821056674884679	1.01067591042901	0.986117074876574	0.894064877767641	0.976192607679589	1.15420364302858	1.03481054267668	0.898722471102994	0.986719088479317	1.27977482370175	1
0.731625041762061	1.16735905275739	1.13792541322506	0.910328818354263	0.745755321278405	0.898510097615661	1.00637331297855	1.08161729412527	0.820413085479853	1.19694410360985	1
0.927898482813139	1.01099202646106	1.0620999526436	0.854734328522711	0.986091442194432	0.692528595617946	1.08051905698994	1.02989187565897	0.921668680832686	0.763138557865765	1
0.845935021400249	1.00400616376187	1.15449361791281	1.0137238709087	1.01340019258921	0.893898406229	1.02780640307766	1.08465013832729	0.894919196599878	0.720089633961871	1
0.944693424703247	0.908586662780284	0.818881292167207	0.80776670079028	0.931745642533401	0.944968420947049	0.632721349443895	0.772132935483703	0.799537790509006	1.23498095366742	1
0.746562775085635	0.814022874499444	1.23580023911229	1.39902461262768	1.06956766786863	0.957271580264814	1.057180294532	1.03850612063477	1.13118897859526	0.834795252574835	1
1.14463814122229	1.32803908600236	0.919676842320006	0.984364827227252	1.08068784162847	0.914223555237252	0.816516485848585	0.986151168809845	1.06418617355452	0.668540441318526	1
0.891962593539441	0.956920694165802	1.07668983366213	1.08227707613217	0.925601199890603	0.893394080918096	0.735127224757658	1.03296453280831	1.04045672984859	1.79055313377908	1
0.889182013633671	0.776769356301194	1.0232516536008	1.03525184749107	0.845348364283054	0.934812864676173	0.943931332115779	0.862934890057793	1.0603566279427	0.596491820824018	1
0.761606340166069	0.983613484857558	0.971119854357349	0.983814712142357	0.819640863478988	1.07722242043786	0.998185553406499	1.1062677108335	1.11411688636666	1.00418339208473	1
0.976134043843139	0.849304331205807	0.953415947344929	0.798396887007236	1.09913447029325	1.04819404696253	1.01892007034017	0.945107733248103	1.04119118222412	1.44644622883412	1
1.29729391507488	1.06113228241242	1.02679066416806	0.962634417810991	1.00918649404418	1.00468988748288	1.16763435710546	1.16008797433677	1.13337920667656	0.833514789948716	1
1.03182192535291	0.800467389970025	1.01856708575712	1.15508942041328	1.25575778505161	1.14448617527068	1.23496915246847	1.10563468704625	0.898241526048306	0.723365629311194	1
1.26230987713038	1.29394490046792	1.30150950362411	1.20602669413023	1.42551724390499	1.14710127773874	1.29768287860748	1.58656624713924	1.1282194581441	1.65994960330523	1
1.15629155077494	0.913812899369007	1.15553029438523	1.2261584666412	1.05882790344919	0.942027109064526	1.08004103308922	1.1280496114432	1.12976068302066	0.777235110005233	1
1.42136084589151	0.88664121598284	0.827896385038366	0.874228521706182	1.03942536479904	0.870295252833364	0.827054486461478	0.920286128393159	1.02430397461545	1.1024899105342	1
1.08704681912531	1.0963601604963	1.0977602520754	1.15253998914484	1.43831020924155	1.08835207723751	1.14634852649354	1.09343931231935	0.98668953678361	0.620060227380384	1
1.23754359691542	1.15780630096051	0.764950146395818	1.20446757103432	0.986230223877875	1.01090919926502	1.09641897115363	1.03624550154936	1.19154337478067	0.994980429688393	1
1.0458525945855	0.845678087094252	1.07451540493007	1.16913308705454	1.07556414713045	0.985224211299274	1.11273936647652	0.994244558416898	0.952676149942869	0.938747369801975	1
0.954594246908878	0.95205470248006	1.20045701844071	0.981250322446238	1.17104981413832	1.3889017177482	1.04340416937372	1.23961079544187	1.24628991193344	1.35040809365972	1
1.05339918455314	1.06102606551262	1.11431056561475	0.948843600893795	1.28361504756601	0.888755784012664	0.946971089701253	1.10192274128131	1.0443727148843	0.900617164896598	1
1.10643280499022	1.11656975616716	0.975489783186301	1.23372704236672	1.06988367584608	1.2104062862691	0.957219576459028	0.842504068274979	1.06581207182535	1.04248386280611	1
1.0142958109155	0.882085617300741	0.966581936502325	1.06499723377239	0.942037453730918	0.95548830428852	1.19720725779193	1.19642430908664	1.07051855832358	1.03696012406625	1
1.23209777921631	1.06319774614267	1.32933809495861	1.2103226662342	0.859349084249736	1.52785999533921	1.39040445863064	1.45720571280785	1.24820772779128	1.65901142179537	1
0.965239175021729	1.14685938518462	1.24200770535783	0.735177141382497	0.871240182573312	1.21049976990322	1.16173307575734	1.00168513930775	0.784750072930374	1.3385712966654	1
1.14795390925943	1.11931791959762	1.20917718736646	1.10026869662757	1.22406518603183	1.43934977024482	1.32019713093849	1.06679195592426	1.07397618668304	1.275773084301	1
1.18361218183759	0.963439232579967	1.23757153780903	1.00206502770255	1.10246325288205	1.14335423519826	1.04399359989283	1.17614537448612	1.05024041984018	0.90940642884293	1
0.834403624198859	0.975136042713522	0.91097842328781	0.899257592164593	1.10924013716621	0.790546685630773	0.889010339975851	0.837744822696283	1.02232941164701	0.742629359033797	1
1.16884895052039	1.08104943920987	1.20643963341505	1.25344952331362	1.15918068398145	0.985279799878254	0.891058367637036	1.00400234984338	1.09338149142392	1.16429591333546	1
1.18842103360622	1.51469147362849	1.23961010378559	1.18959492243315	1.15443190842081	1.28432268667237	1.04620351253298	1.13336576691659	1.13693657106718	1.13031287952479	1
