0.467190699303133	0.599701047184717	1.20958341452289	1.11530895220178	1.46842043043899	0.208776828964625	1.06392412418405	0.355831710301327	1.92138771178744	0.0704511896402575	-1
0.570277839701816	0.630966214113358	1.0312812476791	1.05581883997028	0.860553401878377	0.399747850764723	0.237736044823016	0.224316259396146	0.0650816074601477	0.030340220236862	-1
0.572871900045027	0.593595675115849	1.13133501947849	1.10931547077911	1.06304402972863	0.551275244090886	0.280314680919819	0.214284599734878	0.0699482105088296	0.0314794339832976	-1
0.852368349217067	1.0524674052785	1.30383861078684	0.857682016992743	0.925341020852796	0.284570383665617	0.328199216482656	0.207849842794194	0.0632165839252478	0.0339751374505858	-1
1.19338819836603	1.07512266551951	1.35040130500182	1.11935595288694	1.01711353715045	0.268019837595741	0.296564431340865	0.230048311537868	0.0727117004282485	0.0260123645938951	-1
0.486464477877849	0.61791742545021	1.18389559560137	0.997625428476988	0.929405147439142	0.47087827225762	0.290594449856452	0.202708901038864	0.0771838923151196	0.0282230037590803	-1
0.577910879587364	0.816788824067434	1.88100877010792	1.64678803489488	1.16203979325106	0.288225455675521	0.255161203914541	0.234377001409842	0.0765512055956745	0.0268934558150541	-1
0.602100350946329	0.685522682291796	1.52310383597785	1.07566069761832	0.991766597384961	0.272511172888847	0.243356522296974	0.156463846269545	0.0646638023712832	0.0227747225037045	-1
0.864588366256353	0.932986229131548	1.05038032998699	0.81129610591138	0.755392440567155	0.195144111409923	0.243470023867386	0.155998295812833	0.0682560454363891	0.0227482457886183	-1
0.448499760547319	0.629635802258689	1.29032147126689	0.898379889754257	0.815783417000884	0.242807855835145	0.213363416203567	0.163931364224219	0.066752991881962	0.0228667509551951	-1
1.8753182917294	1.35640129078811	1.43419122856565	0.939008818901179	0.931271898285493	0.325198376215727	0.214008691912833	0.214243703001541	0.0722398134308685	0.0259021802535436	-1
0.818161855718105	1.29670606545642	1.10565231485096	0.910339689973173	0.704457847864371	0.37720546988784	0.246984377231468	0.185054420057866	0.0462551533480704	0.0240192521288024	-1
1.52237022957241	1.16247194605822	1.00119190255245	1.15629270080844	0.88300685606628	0.392407282285685	0.243448558523481	0.230736341062069	0.0742269911220503	0.0277314697528096	-1
3.23009984909467	3.32506957415673	0.976760810282698	1.40152922481069	0.829729333380935	0.504136148116193	0.229035982649818	0.163333364322814	0.0596049104609348	0.0296904147888347	-1
2.09736126376328	2.6082977571041	1.19851380649312	1.33033488774264	0.950720171549633	0.590239648007561	0.23093161970452	0.180541557713544	0.0723105150851358	0.0266389356879982	-1
1.31881608309493	1.52252305270326	1.83606841153423	1.38523504052151	1.51328284511064	0.299483147761802	0.311870432651697	0.19803425464715	0.0855485323583143	0.0253625572063586	-1
0.833584618849826	0.856063304117854	1.20193278476355	1.34161436922195	0.759687756269851	0.415059068829087	0.253266118760936	0.174823526237874	0.0590318613199194	0.0227732252683062	-1
0.558659569862064	0.771192894213732	1.8115698781802	1.36122293711835	3.4196021523447	0.256027612855487	0.410737789322905	0.197678051098778	0.126909384493585	0.0369420594737897	-1
1.34601407832961	1.38815831131665	1.5703315566439	1.52595534985332	2.3379831887086	0.367445579410379	0.332929473776978	0.202778616361013	0.0702268091749964	0.0375104772984268	-1
1.14430842896847	1.00334581438109	1.81584856320553	1.71631640664517	1.33475178359421	0.351308756718644	0.291546666269967	0.225667432745955	0.0677359367010593	0.0308115716452348	-1
1.27924352684582	0.797967288608961	1.1364750951377	0.92509325034265	1.31575441813038	0.368876849157101	0.295065932490985	0.175187295083441	0.0637290531117278	0.0300784028670653	-1
1.3693996145495	1.0608035178137	1.08258712064862	1.16613123990777	1.41468470838447	0.458890900118427	0.237050599822927	0.167965109556082	0.0698564058158554	0.0366468912949841	-1
0.67132710587538	0.797163461792213	1.31304571518767	1.29772919088223	1.69066838185142	0.32774271103852	0.282180490467559	0.204233354576041	0.0537182344070612	0.0388974906631525	-1
0.411253700187454	0.519628591888833	1.16158671117292	1.1988915410382	1.35797138910421	0.251805725566663	0.327263899382932	0.178892450418044	0.0600633623559235	0.0393646223630512	-1
0.478312818219362	0.608400084698987	1.12614833574311	1.12064608845957	1.58991917098763	0.214932531017402	0.325730045872118	0.193228535402624	0.0621720949142811	0.0277627570444365	-1
0.598085023331045	0.90568466057211	1.19695014254675	1.69079222925893	1.74146878483316	0.67520672993593	0.307606184621241	0.180549226666191	0.0609831401329643	0.0286285615939005	-1
0.603224044541081	0.660836352608924	1.27291120227034	1.333023477835	1.62717950576953	0.222164272293586	0.283634025120873	0.188741102180614	0.0544534275153984	0.0238805982341962	-1
1.76443108525295	1.28469067490007	1.17704197755962	0.989183356265754	0.756227598286251	0.469607247378031	0.441563776989266	0.205250658255618	0.065725445124633	0.0332281601776646	-1
0.373656595282039	0.459262972078504	1.04744790986652	0.820673304449373	0.608406526239184	0.21198962186765	0.188317142044766	0.162803269603509	0.0554549809517536	0.0164834165799711	-1
0.499883343228039	0.423461697013489	1.45134278626167	1.36767906886988	2.37402369274277	0.255348998791622	0.373799089311593	0.680938736653502	0.0800701133400749	0.0643929888758713	-1
0.598609192363241	0.44992197922788	1.14263766707745	0.721690095541939	0.695428689396427	0.23739535786024	0.203154487984577	0.161671953018791	0.0602899359394722	0.0247350584539443	-1
0.566049131902222	0.656179689755845	0.89376641200377	0.824786866609183	0.525533907395634	0.393409720053446	0.178847928523424	0.194221202180415	0.0622365893578621	0.0200693534095392	-1
1.63871578449856	1.2660495857257	0.933121280894351	1.06716824959699	0.69931919351558	0.478207084189484	0.189330885856627	0.138049829878177	0.0782543039032463	0.026764259117304	-1
1.56312821491239	1.88239463520536	1.06001478280641	1.32421628893883	0.806546669216055	0.780236819220473	0.177615191268539	0.141631093997178	0.0528981015039079	0.0285771267087663	-1
0.727500307040689	1.19515462393398	1.23983111865264	1.19689678393009	0.895616064515391	0.340466009595768	0.173659159332088	0.140069441356829	0.0598665492309987	0.0201240936751677	-1
1.16778794520585	1.57293585203301	1.14107365661667	0.99556674166409	0.724212175021804	0.319263972221085	0.142111604842837	0.182128859667067	0.0576136270646465	0.021951721274235	-1
1.63080932490223	2.31941231364445	1.00668959983786	1.37629403991628	0.729506680922724	0.607285721076478	0.158901471741511	0.189298779605232	0.059440657059749	0.0208074316773725	-1
3.43841346724812	3.70098345510668	0.993956225458902	0.960707301255699	0.933663168889215	0.501391864216668	0.264040716675274	0.160357472803232	0.0691439127758833	0.0276670505297645	-1
2.36095466377936	1.99972926158085	2.73922358522354	4.19114981936669	6.46732378502742	0.784913217863361	1.39221654756434	0.970477053195269	1.64293244334666	0.357711941015501	-1
3.27433329704701	2.69308206371926	1.96753997550013	2.54046125397604	3.5854979203028	0.522248541933451	0.874369966382371	0.411111006014707	0.424215596726389	0.0740476129420244	-1
0.404536610554171	0.541019937720149	1.1736347471984	1.24058520299368	1.42116585277483	0.24859554903678	0.497362188120953	0.213195353468329	0.0802610452069198	0.0314088157692976	-1
1.93985237806652	1.79852226218926	2.17352833071822	2.00791145830319	1.40681850066643	0.324857578158161	0.292385593436178	0.156533042373411	0.0611631005993365	0.0271109340650119	-1
2.67310950569431	3.0700562741973	1.34338800885876	1.52606005675951	0.905455214867002	0.347191717392124	0.229771699802725	0.172668588926434	0.0648360641406296	0.0269524697408547	-1
2.39758631752324	2.55862320480089	1.27963169894027	1.93215942352962	1.05220594478899	0.553551548855123	0.210632726682233	0.184967900966141	0.0654323046737269	0.0293686310244628	-1
4.46402416294679	3.00410331014924	1.63479298363622	1.59363316181117	0.873511995020349	0.693274982643435	0.310330504054807	0.177266311403948	0.0701250647029541	0.0327516941602057	-1
4.1624351289467	2.3895321050894	1.27913552956753	1.05231315014796	0.861280570195419	0.433440808200239	0.237261738160372	0.167045606312529	0.0748630733687504	0.0241401589396764	-1
0.494358468012674	0.512018568629211	0.861640391677467	1.2138602055358	0.725164011496672	0.37743566418992	0.149211544199989	0.176306544032307	0.0485091741643987	0.0157595853256891	-1
1.75677708151904	1.28530283307801	1.03289274447326	1.04750736292861	1.05693213284085	0.468548376638839	0.222878235861497	0.201619302280366	0.0497796121672146	0.0276988425701989	-1
0.437700136002544	0.498947392129776	1.05077228653609	0.867703390078312	0.851857118326178	0.269155894634767	0.149535542602611	0.153495502055189	0.0474133256791818	0.0186853560072643	-1
0.719163655812624	1.06519470866794	0.814264281263743	0.834607687563629	0.781299239280942	0.317714541390123	0.152411702772032	0.161327406617985	0.0557206117835178	0.0195900208599921	-1
0.762598134011978	0.728831862048399	0.980778938326213	0.983673146759393	1.1769290688073	0.549941069442586	0.22116425559983	0.206800477165305	0.0636202665804998	0.0318048629647348	-1
0.647107854023772	0.617795514899251	0.718263757856664	0.860406852867369	0.990004380187262	0.250070027864816	0.176099035773828	0.176220674646143	0.048141217074802	0.0210969045636812	-1
0.673905013288678	0.725601540658203	0.807551362029552	1.08080500988412	0.731449940286763	0.22855354562428	0.218037667396958	0.155818189637681	0.062164188843525	0.0169826404550718	-1
2.243599216092	2.31978664874791	5.26421681418602	2.35522681036756	0.923196736162062	0.253757769538934	0.192974911654288	0.183756120020313	0.0569352124312098	0.0211444365543428	-1
2.8937365669541	1.72793113002435	0.928290931027315	0.888114639810103	0.68695421442018	0.425995934649008	0.369804821773966	0.149425247176738	0.0608839346468941	0.0326667508373224	-1
3.31425228403145	1.59047166346582	1.29283941656778	1.3747128888853	1.38023509791451	0.451862967156587	0.434315044240315	0.197388769992932	0.063485510917365	0.0329173116354334	-1
2.4000778080739	1.88645293256834	1.13187421040352	1.25307699607884	0.655314138531578	0.532679140784591	0.388894304079084	0.175019953468612	0.0683968997142675	0.0257611294754662	-1
1.49577837488743	1.90548824997404	1.18459691701467	1.3729311202032	1.00881243805879	0.333843346368017	0.505031346220477	0.197702458437397	0.0612562581802417	0.0279313289369425	-1
1.10198375575898	0.932530777254299	1.09631962602228	1.09054457975863	0.86937273055916	0.270448215020084	0.158435297548785	0.156511432825515	0.0514949116621488	0.0213957106391689	-1
2.51080174837467	2.35599508198799	1.12039689460587	0.940229963727597	0.787829893968319	0.334570825524476	0.204155437211958	0.197918927768514	0.0508869292792265	0.0197483050508965	-1
3.40742667671166	3.35365342774367	0.801867490175554	1.21522721668159	0.837725239890147	0.408873391733124	0.279272620833569	0.204640593104658	0.0721406340228258	0.0310510317567545	-1
2.6252008568549	3.35304716507175	1.21430373222172	0.910196349333674	0.941557908909609	0.452028834701097	0.309977188645439	0.199494579087571	0.0758446559159893	0.0297647755163962	-1
3.43087954212575	3.08236161947313	0.934694132127372	1.36939083618594	0.991205790326443	0.385532729818187	0.23472451974663	0.168042447016337	0.0740933771873121	0.0281492595188264	-1
4.39506644467605	2.42895460927131	1.11350422068958	1.13811604323774	0.880089163326323	0.410627920473783	0.240607739592364	0.197062395656175	0.0660351411577626	0.0234747799294068	-1
1.45057222710181	1.03616460738715	1.1097436040532	1.41067746749647	1.80936297589384	0.43782444432625	1.20531254418749	0.622560614567285	0.641672998153742	0.14254448785995	-1
2.73414638688045	2.03327586683598	0.965185138037548	1.02343036163655	0.828549191322095	0.447386754798293	0.17069780056307	0.130438104981896	0.276867399239487	0.0216817531192548	-1
1.6148337589024	1.80138204481304	0.837245936149962	0.890564298994284	0.875457018192231	0.38782441050754	0.161976496430528	0.205904429143247	0.0445045146750186	0.0266971314204435	-1
1.54989190284773	1.88595242655475	1.01085364027846	1.02859868157315	1.21290421711698	0.276061573346028	0.208254242223073	0.17024693524903	0.0537354620133993	0.0192965783213149	-1
2.14939814672437	2.17540930148941	0.927692906133483	0.974084415058215	0.741957785667325	0.506664360729324	0.186306210850615	0.168458837520917	0.0592045791590346	0.0279071629449483	-1
3.21704426470565	3.02082473684296	0.810277397297374	1.04924347948887	0.796453834808265	0.780354211402952	0.34085022165435	0.208845056641087	0.0620991620059879	0.0248988679338176	-1
0.406492235102337	0.399068906361982	1.0869134233173	0.897709154207674	1.27533654026449	0.208068031226778	0.704862191402216	0.308097939947399	0.0773363075471972	0.0602463045306428	1
0.637329473198558	0.815790194043123	1.80986089408939	1.59626396605265	2.56994083233255	0.468909562650165	5.04075190451001	5.59475806958292	3.13265224899727	2.26401628495007	1
0.646142940203098	0.528773393422754	1.24947892523699	1.17964352906862	1.0609609348471	0.394195686083458	0.80484691171914	0.307132555135797	2.08238400837886	0.0689236518113561	1
0.711288992109642	0.758980402139626	1.57269431352264	1.13833695917611	1.19393592807915	0.570876580298707	0.528121611377533	0.25408356301143	1.76249051289722	0.0568879063625328	1
0.593544350471774	0.724872941503189	0.990351915249608	1.0027428517442	0.889206873320713	0.609000685153978	0.337513503773822	0.254011909392523	0.836849981386153	0.046580750459378	1
0.621973394484558	0.553060707220866	1.09621774273307	0.874558613510937	0.764784203876342	0.914175686621987	0.298897750063946	0.191322925602584	0.0752644765312718	0.0414544279551875	1
0.87353029794728	0.904058137771159	0.91888456675995	1.06096532886496	0.696324131042944	0.807187528472248	0.268433231027968	0.242872330891115	0.0809929916497627	0.0372909598129813	1
0.772915020928399	0.738516242695374	1.09143497942101	0.846588092549964	0.817845736548009	1.1441743766188	0.382420846792834	0.193942097711368	0.074607516982861	0.0343830454228936	1
0.519962278254254	0.540593789824842	0.89472294260392	0.935336686390614	0.784562108387127	0.360067241494725	0.272834514115898	0.200503223722607	0.0677942673544493	0.0283824624963888	1
0.535131750458918	0.785175970505627	1.1347517149813	0.866210347790892	0.716402390616777	0.490344078017671	0.243569920023789	0.185076516426215	0.0699703602028178	0.0284730464273615	1
0.973542610197009	1.22452595505994	0.863821945093834	0.771078259413361	0.597773650719796	1.06077505980295	0.201880963419061	0.240694128465054	0.0686251684629731	0.0237737146650246	1
1.6724108181232	1.03250496420047	1.05563309833883	0.915962889357004	0.663573237864677	1.01053124567208	0.200060294553558	0.190409080350156	0.0725737581443458	0.0202620820332276	1
2.15406466018387	1.7475058361158	1.11996090468984	0.922455167668689	1.05024983173093	0.786373155522304	0.303264354246023	0.30384996967965	0.0761400595300224	0.0343291667769325	1
0.964880925453559	0.782081256125778	1.16609096960683	1.2657746530905	1.46066673672055	0.523720337843027	0.340623529141461	0.221433944325967	0.0815997743158907	0.0389669206385086	1
1.1784035059139	1.63473814784839	1.179767853319	1.35944523746622	1.68267974908462	1.19317461734665	0.483319316162333	0.222692763423227	0.0830141555107437	0.0462000670510189	1
0.613484278601498	0.599083897924047	0.984053174714462	0.794512042524333	1.59706891015841	1.19415197637105	0.333104959368778	0.242672447129614	0.0720953992993791	0.0506870193812854	1
0.567501096422903	0.59077200109707	1.20125691485451	0.914949873797615	1.29086941166749	0.554214818073114	0.290986289548249	0.217443997549406	0.092387272964182	0.0299202346466921	1
0.722309257962091	1.0089481875688	1.38053733141156	1.37063329501321	1.74460930065743	1.51543999948251	0.41123114639888	0.198602550973616	0.066281584375002	0.0317996601917495	1
0.44965294640917	0.696797987990497	1.28682291737295	0.982930155184617	1.41211360662319	0.804007955830675	0.495052093983512	0.223012946588624	0.0559135434593151	0.0367806070237958	1
0.58707206112134	0.70913199263486	1.32713788416473	1.34609435509769	1.87575050815941	0.731760108181598	0.374540286599696	0.269294632388436	0.971559491869999	0.0341454951561019	1
0.679817938040456	0.623530874539865	0.841900404956229	0.834336749976253	0.823144868615619	0.559155786843923	0.37054172588907	0.230772629425303	0.080283766311049	0.0464390935945581	1
0.724928771161066	0.626444474931985	0.774218029002948	0.733193678214218	0.817926172643377	1.60011478628964	0.300694535592158	0.232076566603257	0.0836652906126817	0.0237638171550509	1
0.907179163346463	1.13039529910135	0.928696384415705	0.959465202105007	0.649008530475456	0.738284597047512	0.258551437316567	0.206104122882059	0.0748370594633798	0.0283753284885997	1
0.738531310128764	0.667615969222847	0.799801038051001	0.876533663695385	0.624612450337616	0.424251490225575	0.234952634228248	0.190409424860226	0.0608712745350465	0.0213877941930913	1
0.550467540640574	0.460640120563323	0.673490334605519	0.879769973833196	0.830481067394653	0.502888319681626	0.234307729051664	0.14052652731602	0.0555494862934476	0.0180235349426895	1
1.0507116058527	0.805541574188296	1.15279528608887	0.99083392319707	0.755100583002209	0.806610021390435	0.380941026098138	0.276959445503168	0.0773022347127144	0.0253061417557613	1
0.928254741111484	1.23571137321512	0.932703573732057	1.22663740834509	1.05078424317659	0.892303911764372	0.22265275644008	0.228515485760411	0.0785682704258658	0.0252164430524311	1
0.459055372350491	0.583776415824905	0.962561051037847	0.852549591820925	0.703350927441984	0.413298800112808	0.246143507093013	0.163685504456361	0.0643538505643592	0.0188821594848628	1
0.900330206801372	0.683396030840045	0.917580374959288	0.993629451471037	0.937032564496682	0.733122201592633	0.338023530505778	0.177813966332948	0.0663754632860572	0.0273417863401538	1
0.54363583494748	0.533503410875924	0.79427584935455	0.819323101957126	0.702076034826147	1.06425324369083	0.185229492751674	0.185433380808829	0.0567263971837091	0.0228546592333455	1
0.508520329502602	1.13643183637923	0.896924120156546	0.967296056872528	0.655509716911133	1.00928226102846	0.23326220888524	0.232237891553037	0.0704981609832273	0.0276070410815428	1
0.713136016478957	0.745448694834417	0.826395804220703	0.922665393438851	0.704044520353249	1.50002655844483	0.216314935925642	0.208049700224454	0.0680652416227022	0.0307314461596284	1
1.75058867536713	1.04791390113447	1.07341128295615	1.01495022436161	0.925432740012439	1.03038118535222	0.352313004314931	0.169066957917837	0.0643984742641755	0.0258767362435018	1
0.889388089388677	1.13983807864837	0.695060700673876	1.16710754870786	0.761408423602556	1.15673234859753	0.192744208727244	0.229348513740774	0.0626963130370581	0.0290612399838636	1
0.975702620770879	1.02918300712743	2.6540376895337	3.02666686453972	6.01723374734502	3.05467168152252	38.9294464378496	47.9572575044292	54.1837262958155	62.5420555556748	1
0.617462715934974	0.676201143949951	1.41853425226466	1.23579427318937	0.900954981932425	0.675754698866587	0.489618369032414	0.193898201671168	0.0589867931045571	0.0335867138882852	1
2.047262408826	2.27034865072373	1.59628167592635	1.32481313635196	0.860737950459092	1.47614256524614	0.259971224365205	0.225546827799568	0.0769733891215174	0.0350850150108806	1
1.44028059248134	1.94922562641889	1.14430051154738	1.10987112423453	0.771647281282331	1.67427879634945	0.248622159469233	0.209741715928131	0.0641524216619241	0.0290200492317554	1
2.2073855258578	1.28970533896422	0.737911188936451	0.687811510687289	0.743042745337947	1.74217672956951	0.256624301462829	0.205826746128153	0.0570244404708959	0.035156353105757	1
1.12589091360393	1.60373897181971	0.893938387919554	1.38165133087805	0.873534810383187	1.75006906203838	0.303192712363211	0.197925030313698	0.0695805281954911	0.0323621616536395	1
2.36229711314555	1.82807412197207	0.982672818870904	0.997072172479988	0.752755367413831	1.18140614894172	0.268720632666598	0.181747661121285	0.066565170846971	0.0283195253908165	1
0.881198846592996	0.666764902487311	0.902524592007998	0.990673605386996	0.724613818392164	0.542295031919786	0.135281870598823	0.166407993305457	0.0596892194930019	0.0212940581648207	1
0.640329845619466	1.02376557561159	0.775861201942063	0.875978952179764	0.940000819030616	0.976639807908686	0.173608326420101	0.167985738497175	0.0531545766219961	0.0217283078747205	1
1.0792829465103	1.0780534537301	1.24298425868284	1.77734693148066	2.43159025647085	1.27323242327875	6.00697225541627	2.42718143288622	2.64379233683316	3.27198874346977	1
1.23954475554495	1.28085612543731	0.807184865580686	0.918265005732899	0.60788003028438	0.683472719083319	0.254487955918873	0.215219576159594	0.0479478835517436	0.0220346066922496	1
0.607150056571269	0.484087407782682	0.913455342339737	0.844302434381945	0.871391967318538	0.291910994388582	0.147696000688829	0.179943929025169	0.0626848667943685	0.0216382596884337	1
0.578377886376713	0.69784005257384	0.799044617152454	0.830310570473486	0.609103688799842	0.653056491043455	0.139282151873721	0.16206104979757	0.061422208379233	0.0213261863614712	1
0.781312490906149	0.818222191472238	0.720389870823067	0.698072849456275	0.998995240892387	2.0221368356113	0.188184234225172	0.254140468460021	0.0701072990718572	0.0333098078162897	1
0.994377316569382	1.17186732473611	0.770623178540748	0.849582526508516	0.990378787998783	1.34073878110501	0.173479375431394	0.200082280305746	0.0673749519651176	0.0241350827793202	1
0.558444137628678	0.877649382064252	0.766256830977089	0.87454169874297	0.73711719251517	1.03025160047634	0.224454264956369	0.233123233262913	0.0634765348613438	0.0231355715145073	1
0.427329566726681	0.474802153060738	0.753179737168459	0.586914118388698	0.763421648986008	0.528603073059475	0.227046503036729	0.150687859168097	0.0549051575643886	0.0227135820164976	1
0.760552535880884	0.689743597502364	1.04025771002802	1.24134356471126	1.04929438249931	1.42117325303729	0.268504402870468	0.206778467246735	0.0688381016649878	0.0256446492806758	1
2.77237437119029	1.40928459784783	1.15794406565653	1.3924456631501	0.963258993083797	1.21972981093574	0.38042066714773	0.239439003648837	0.403115466160464	0.0365074688237569	1
1.30078725306464	1.39500841896541	0.794338419772995	0.768475818388631	0.754435810431367	1.1131262414976	0.335811159049986	0.266783846167892	0.0726899979930958	0.0351317092467268	1
0.978332086941471	0.955174426218807	0.788338139012773	0.574368064397568	0.716292581669206	1.39287500752448	0.263964981646231	0.220701956494704	0.0581890715830514	0.0335107177913248	1
0.810025481532929	0.869899728352882	0.978636802233775	1.15285860396046	0.69736850468084	1.20494809817489	0.23276016358164	0.201593576196363	0.0715208133255385	0.0270174110157555	1
1.29648711784752	1.31278029807987	0.928298521982402	0.653777465222862	0.538368560091885	1.3039056517536	0.284375986945023	0.19845829276464	0.0569201310136485	0.0336573554757551	1
0.810083810039945	1.10797991411671	0.805036255144539	0.716219725307763	0.68232332621	0.691479032833772	0.292829947731672	0.230401841566093	0.0615533836799357	0.031992465131412	1
0.825695473826836	1.02588511653765	0.85899912339367	0.920425393341424	0.710299472446218	0.84065694066046	0.292525356161029	0.207430664638043	0.0569232923264187	0.0264436463402286	1
0.799352819621796	0.863971433579642	0.837794112749218	0.846429610978873	0.745262710550156	1.88117552819311	0.317676676603835	0.216593955624891	0.0633675676432171	0.0388387141645551	1
0.647653317553181	0.465854746387544	0.763203283588024	0.713262721175666	0.672663477089129	1.19864842439752	0.248752968186619	0.201568138125155	0.067285460283485	0.0274950222685268	1
1.57317625985931	1.17845015087931	1.02210416292994	0.950784415083708	0.64866618664379	0.840004186765446	0.325994114353545	0.203919556072529	0.0723489188930161	0.0235434316033427	1
1.3869168825287	1.33479416287321	0.666827394686685	0.935168354265426	0.888059039659448	0.558229176525385	0.200371082078492	0.182615624918667	0.0620740189284208	0.0235055041245498	1
2.30380815387887	1.6991047518501	0.812492577385845	1.1072925333528	0.846717032977342	1.5297555209219	0.289170644795396	0.184220004886818	0.0709638698791279	0.0317941829849022	1
1.68450593536739	2.72549177200557	0.84680153848399	0.947486332708488	0.798134332464393	1.65092938067535	0.305893796999515	0.233527943698616	0.0701672683423932	0.043042494785168	1
1.80177516032683	2.14432587491409	1.35489439222291	1.21398520784626	0.783177486902607	2.01563289530385	0.455551625919903	0.178085008359629	0.0573040859227621	0.036551183510562	1
0.827406420368397	0.704487071010597	0.671981261024321	0.732595231517608	0.743555538064683	0.403752400557417	0.321037602350081	0.215909673514591	0.0622359977309716	0.0262886458159336	1
0.980298593884025	0.793452049156074	0.737714662059885	0.673923272169663	0.660060779630131	0.555912200180847	0.403099547355053	0.17459148740661	0.0618107254483408	0.0186557446287641	1
1.29777295139388	0.878103808350358	0.797941356494485	0.610634472563012	0.8223803482328	0.760606595228561	0.257349231611467	0.164865112866642	0.0555824706868232	0.028088330833478	1
1.20818714656553	1.20565368508276	0.752006555242073	0.733371018798291	0.775713635836743	0.923767971598678	0.189232917789783	0.185830887858902	0.0558211209858606	0.0240307123385612	1
