0.812774948186205	1.01247201033625	0.868143101333656	0.851440776376219	0.95032049136782	0.740134169976409	0.751125791045093	0.639811434303153	0.563689474534816	0.569472336475499	-1
0.929384627966433	1.0545717680903	0.855087708363449	1.16421287450309	1.18241528975381	0.978003425159962	0.845256678219054	0.749246541799843	0.768780755476698	0.656296477689676	-1
0.776622198110582	1.00911501551594	0.972270435121144	1.02111602946416	0.871154482347442	0.715859790908443	0.780152019271744	0.656581430308038	0.699114385304373	0.525012140879909	-1
1.50434291780329	1.07676328755238	1.15872275167284	0.921732636399629	0.996991506255707	0.783429046746167	0.813067142816326	0.625207301573764	0.536602680403577	0.493789906031428	-1
1.10122842495807	0.842921104665819	0.864370438590782	1.46368201232646	0.736670529658369	0.806029646856272	0.629911624834722	0.725553685546302	0.502864656525215	0.577551225441502	-1
1.05704352382297	1.04431915348442	1.12985171039111	1.22489163273201	1.2712950798087	0.806846620470926	0.713509286360404	0.869764815441232	0.551000228623605	0.503003101468395	-1
0.895565707417686	1.02211921949008	1.14959536514207	1.25269768409069	1.52733108893711	0.663292893190274	0.894740919619655	0.808300746135083	0.57702437361134	0.562016134080343	-1
0.948663722863056	0.811629530059274	0.994028883780509	1.13362220754607	1.01267665144344	0.970951290218239	0.588259301661429	0.641013632934802	0.639459484567769	0.598878052032601	-1
1.16394542586037	1.00970832671334	1.26054885174334	1.09499678819498	1.21373136270341	0.671794569852272	0.75878293570267	0.568082207208125	0.583922269291427	0.700120464151831	-1
1.218433619583	1.29366988876001	1.01246015094813	1.30186006464667	1.21808179751692	0.671575384300917	0.679380841917496	0.621718102868361	0.725627553361704	0.694352690815422	-1
0.826030998605719	1.0670501474542	0.910310700005221	0.989157212943692	1.06418738041991	0.793274352776219	0.705188965996115	0.696952504438116	0.595098921293638	0.606619937444521	-1
1.33215107998402	0.916073831157575	1.16745031291915	1.08366001180708	1.05178134241213	0.607946794209668	0.865967686425562	0.746987483223799	0.702482229994757	0.746553211304949	-1
1.21292862507824	1.07685262289736	1.00111982417743	1.04831021122514	0.996726264712394	0.730718686184888	0.665239555468936	0.744206260209351	0.627911100178047	0.627912911941961	-1
1.31995805867143	1.11248828267244	1.10805607537377	1.15520423010682	1.32842428917238	0.519093983779736	0.70956439367915	0.765242380839086	0.681081345057347	0.591995687606407	-1
1.34613178843646	1.15613616067598	1.25889569345354	1.26979413109714	1.05000775422976	0.713903831957842	0.716933020978887	0.861109838172194	0.58392196446039	0.618554798974759	-1
1.54600059684299	0.935406080904655	1.06595657343642	1.29519987896222	1.11284350211966	0.845259581024238	0.848386311490793	0.698950084425646	0.618146507787232	0.708105143815509	-1
1.01722446710563	1.3595207824152	1.60820546008923	1.07000808654781	1.60318925167544	0.888674185792586	0.929576640665744	0.783462058240231	1.12110186211548	1.0649039681668	-1
0.985509225629889	1.51811502227055	1.22643502383367	1.3017656534081	1.35192733433013	0.749077692894301	0.821692637576946	0.889904419822384	0.961779342434416	1.03807429393469	-1
1.0064138963789	1.26100085688591	1.13921130010599	1.25722910583846	1.17155273461571	0.766945660316146	0.675238637294096	0.860649030421983	0.984701165243953	0.730292519184139	-1
1.37828165951342	1.51418304641544	1.20937530939599	1.40892285559607	1.23107167136073	0.781715929943326	0.892487377467874	0.744083166469883	0.830144215207348	0.87551549321276	-1
1.17005574127566	0.9909616040798	1.42125891815963	1.11488062218118	1.28249896939486	0.663966984239255	0.796396288509613	0.837785383100354	0.84389487011683	0.755697478081607	-1
1.18744569836241	0.954905070229175	1.42915252018771	1.00993038376111	1.16317915684555	0.798756814653736	0.888410804194727	0.838211502688802	0.627172641263709	0.697148533434382	-1
2.22848910982477	0.982193803974739	1.23872495981349	0.875373283940777	0.961600179200144	0.717841995056572	0.946195974703143	0.904898789948572	0.693510435712945	0.635742118944668	-1
1.37166083926888	1.00883911912201	1.25870917474041	1.13045760750594	0.790029105797987	0.734216129062478	0.80763113396413	0.8719383073234	0.775467287509285	0.63144677103784	-1
1.15079721079179	1.02661646010531	1.28962345937712	0.975193630955395	1.00120179652521	0.721164002464712	0.692204054635587	0.732749277428759	0.656272128816181	0.541113997961941	-1
1.42492476775666	0.941250832936969	1.10706594592104	1.05281232819249	0.96801004257321	0.757264856075309	0.804962847365199	0.565545463502241	0.619002006082585	0.582005208826882	-1
1.01151084445088	1.06424791288323	1.15577996792265	1.10153931085787	1.0584446653808	0.829758204459107	0.814446413286972	0.612092578224706	0.613901618005424	0.507614687367349	-1
1.00777177318095	1.24490766134522	1.2393895717221	1.09655767503249	1.00335218127504	0.702747859012871	0.719897003130337	0.75962159691459	0.713796401107908	0.733144072390404	-1
2.16751996272537	7.52332909324473	2.00148831226807	1.20284440819337	1.36147629125839	0.811182289342132	0.897023912139973	0.792758774820994	0.888362111700824	0.677737963000277	-1
1.80685375380503	1.00569209175617	1.45424811508294	1.43788855553523	1.10094251379211	0.722345220276056	0.798854305011827	0.777679422952007	0.76111014099155	0.719753019730615	-1
1.22917883647059	1.19980480722612	1.24939242918163	1.06830287451026	1.15610765379523	0.841849879692621	0.858428159188799	0.638678726658168	0.766161664558755	0.798111404240894	-1
1.24190915090074	1.47068039057944	1.76960931768845	1.54950280279072	1.69455816465035	0.921145737013361	1.91672610177753	1.24825621819855	1.48406192792188	1.10265931948769	-1
1.59189960239276	1.66252512481268	1.48485442976379	1.82303187064984	1.14819910513095	1.04520132595224	0.954871504625994	0.856085675343583	0.81225482108668	0.798667010953887	-1
1.90362212711808	1.64006937042897	1.39710230400003	1.45907486881065	1.35216112865369	0.952449326908454	0.888124684329073	0.777048843047294	1.30112362423854	0.826584009202401	-1
1.0594114160087	1.30855180230097	1.63305893287637	1.24697034218741	1.1711349479101	1.00340703283765	0.767578398190025	0.974279597564889	1.03761767286417	0.819165750210346	-1
1.35255488355808	1.24528979150471	1.30005566986901	1.21142833311503	1.26962191885768	0.773213291828019	0.936042594796839	0.811345781468908	0.821897879440085	0.740450500789715	-1
1.1703764552064	1.45264833610214	1.41365006125332	1.23729958398531	1.1077231220478	0.837411155206336	0.766004279999562	0.801580586980705	0.848675480301746	0.632784084405597	-1
2.09029025383845	1.06324642711961	1.1263952338061	1.23465119866372	1.09422937481385	0.778304878681783	0.647784085983031	0.856664500534178	0.736890767351446	0.746005974166252	-1
1.15060228852177	1.2164675149984	1.1707554496535	1.17390147273302	1.25284773564239	0.6696413453262	0.698103453703913	0.659493304008368	0.657032206890244	0.630330144407063	-1
1.45764109236661	0.77208044787224	1.11026357719169	1.21215787444774	0.964593712377927	0.69803268807986	0.917283010002909	0.789609869991895	0.831744062410568	0.828024021073623	-1
2.72886950167635	1.12436643964963	1.09780333701515	1.25215433657161	1.08896720451585	0.735498580720367	0.741685235413713	0.84810748414155	1.08818198655629	0.963753225403279	-1
1.74946303403986	0.938140762454015	1.14107120139006	1.19820150393465	1.0391712641689	0.814590438523629	0.828055116582812	0.850867961329702	1.07835163712857	0.758223853938953	-1
1.49815000771554	0.875051959116539	1.15614732784142	1.26255140183142	1.14977617203834	0.771848913575415	0.892626247799775	0.888113188422239	0.64031740611231	0.633155384500047	-1
2.39297357897986	0.968819256829553	1.01524610723448	1.16019353056619	1.04898418897651	0.694840347882922	0.654885609655822	0.738889048903158	0.474084056460843	0.626009909950963	-1
1.48359834891987	1.01779460334809	0.890378483019299	1.12307774619866	0.870728111673325	0.682660768606062	0.615263127417505	0.678385607857812	0.57649646263773	0.546770031741847	-1
1.55362191781863	1.08446358764758	1.11615703143523	1.05395803979718	1.00402337477901	0.532233073496002	0.592476356235634	0.621331778664711	0.609603910037406	0.506478223354944	-1
1.13358536014985	0.96145869488436	1.02722423582392	1.04405769944031	0.86399598885681	0.692622248911456	0.752081191816746	0.783470675569411	0.582574382660711	0.653206882210238	-1
3.59478682153871	0.933726340291305	0.932987965106813	1.39189945380016	1.09576099606745	0.661001413095564	0.809954584159624	0.831612718810662	0.520775082097098	0.981324287839868	-1
1.614405044025	0.975494542218557	0.994841222484754	1.11641662182389	1.06988888954105	0.689525894844466	0.615245146429369	0.728322147594044	0.579843655196043	0.664779422622043	-1
1.65909805192157	0.996605712791184	1.03949570327765	1.17364535845351	0.937560154752511	0.748369433177222	0.670101917488443	0.847532831616802	0.430967959650848	0.611906365141318	-1
0.905691506636855	0.800484247585528	0.913215050452186	1.01149138593061	1.09536805805979	0.726122563113143	0.642169174959784	0.691662029672982	0.673668881513207	0.653777379952898	-1
6.1536479708641	2.94561070610542	6.45385575563427	1.6701099611658	4.19063575129813	1.51336775507371	1.52896103623946	0.998303395727159	1.21091088219652	0.884511806223661	-1
1.14097412821304	1.09527781257001	1.10342138206375	1.11793368919792	1.22699631469572	0.817253809011025	0.681519868667402	0.830423167374978	0.805240554710947	0.671310395271548	-1
1.0601245372328	1.08660733106676	0.769388757507901	1.20037473278749	1.14516330480555	0.964051559596496	0.744034738112628	0.806598502033353	0.662932159458397	0.737731546108605	-1
1.4684784754599	0.843050633016608	1.00885198727872	1.09225240488683	1.14567032572601	0.765131379319289	0.665499131175043	0.719583558847804	0.633784343661637	0.659745593720068	-1
1.8601087048725	0.921385176773373	1.28524446967273	1.49519718689756	1.44613941453167	0.807454711816608	0.759725628419139	0.865217428049698	0.66386074147622	0.645600799407601	-1
1.15486821957349	1.00864325122642	1.04695228415477	0.946432630326172	1.3294149852269	0.835077387305615	0.801454704887545	0.840331669330947	0.659552096318538	0.69716200158316	-1
2.35562562245087	1.01670863099867	1.05308165439871	1.08767818350331	1.2345112226195	0.782580125360826	0.652415624919906	0.879076753933409	0.727318795949519	0.773673796801476	-1
1.09584050518284	1.07816857684095	1.19720121822061	1.32146946903716	1.29549058983218	0.804496558991911	0.857662906249365	0.756582172381167	0.784894261271239	0.828639340114648	-1
0.991999971299443	0.841532295745896	1.0136646206905	0.951774053528864	1.01894826366261	1.08599445820706	0.803919759208391	0.818244281540769	0.821782872677816	0.860472889654021	-1
1.700159822301	0.926705443179012	1.03064310803249	1.26387368863322	1.02479057446377	0.702549536495412	0.827356519657442	0.888779393601013	0.611962185038825	0.664248513634515	-1
2.9975704546667	1.05348849600918	1.04111413750246	1.22849341387146	1.21411802419465	0.77733199197107	0.884351565117745	0.722235939028594	0.791941908137121	0.649795439723649	-1
2.35575502155477	1.03755397797854	1.28723002399883	1.32865803111853	0.983380163525369	0.743024425606113	0.999335516545706	0.931734757928352	0.633200728188158	0.833384768274365	-1
1.14671087165242	1.31161188764288	1.02917840591152	1.16558199151438	0.995321213876836	1.0899756980894	0.86443412306155	0.850376434813953	0.972513121177786	0.923315897038255	-1
1.25367216810639	1.14856985173157	1.27609232136027	1.34399365375453	1.28991169061839	1.57210275371707	1.1835556072021	1.31054137062168	1.10375320311207	1.04565018162688	-1
2.48499229343453	6.55727855430395	1.34607210454104	1.30688622812203	1.32013286008887	0.94852727962428	0.903081934325264	0.951111714093309	0.968657785807256	0.840818584834785	-1
2.04354229759978	1.0877692288329	1.12541747238795	1.20483755544263	1.03575932118537	1.39418624834622	0.919799331066537	1.1051116215192	1.3306158453274	1.14946732874944	-1
2.57774527925578	1.38744945029862	1.4411426815787	1.27065116749466	1.48741814419521	1.31265322973661	1.03943335186459	1.32501426919706	1.50221089833878	1.32014564602669	-1
2.15744670193337	1.01373231091493	1.15721361158391	1.93882313049003	1.86559065286992	1.14667573413313	0.931271555918123	1.01200086866469	1.28135128259784	1.29540875757408	-1
1.71877212073864	1.03598141606431	1.04330433902178	1.37786444726631	1.13138543164982	1.45464010150575	0.921745427482238	1.14488605062103	1.40085742179323	1.30775791307059	-1
0.659977232358067	0.950990559763617	0.881153745215608	1.04934569239354	1.00741486416782	0.810508042879596	0.850413612068631	0.853775218702872	0.831486710045509	0.759132489452444	1
0.866224908208881	1.0882516161735	0.806204868459536	0.877046342937603	1.3729017751251	1.00002660459456	0.91010253408325	0.88056139499105	0.901782682477028	0.654343204784864	1
0.773665518601445	0.882168463638701	1.04067104855768	0.854344024776322	0.678019157006134	0.876134382732231	1.19064571871086	0.822991369101895	0.85133786643636	0.882407025905945	1
0.664706364902986	1.09057474272408	0.847019509004998	0.973997427150941	0.966800831751069	0.802287375200014	0.864589765881598	0.76798693340934	0.819644433691717	0.679097684650011	1
0.942474125058431	0.919580752223156	0.865151434563221	1.03837735464395	0.897049429273294	0.774748194925812	0.783505480490388	0.944840484498695	0.828063216464587	0.70979027420947	1
0.780440946692928	0.958823098255102	0.738371312455053	0.842735144579624	0.856440297999661	0.809289817027024	0.716904494760548	0.79995795141701	0.623022217438113	0.815597113917486	1
0.962843378286172	0.900754584855724	0.928074056909799	1.22700420302481	0.900437314342574	0.810605648632126	0.764308706733159	0.993202079701823	0.780627793358448	0.854104708441378	1
0.866522476842087	0.952505467500344	0.791268366857673	0.816150577908345	0.814640038663813	0.955539329971426	1.05849916005491	1.11767735561435	0.53925204729501	0.823180931387871	1
0.807623610099731	0.905581190086861	0.94607922018436	0.989341231824791	0.841656342471791	0.805431883626185	0.831616706434131	0.926064461987014	0.741922865629224	0.927422147159039	1
0.850370594468052	1.00602095279843	0.753245959533471	0.847166359561074	1.08426852414269	0.885363141686559	0.828337560171802	0.742052997616242	0.974950935977461	0.636983769070559	1
1.02248720310381	0.689086369350956	0.874026409037096	0.91170588888963	0.697859477904078	0.884586862773253	0.982542425647982	0.91112000447349	0.659322299476807	0.684200738474	1
0.745240086699581	0.942483030792548	1.20642886783828	0.800100288472552	1.09472745606257	1.09727035565783	0.888875876708688	0.849379171726822	0.746938342126381	0.756730698539383	1
0.882361292404963	0.790742582498317	0.78617113512844	0.841707055864795	0.879073046570197	0.827228549083038	0.797505253573594	0.908773785779274	0.581564478570855	0.842421749493639	1
0.900474584251949	1.23322892053928	1.22103697933813	0.899590576944279	1.08210393740891	0.650685975293223	0.684953720881364	0.847228514518986	0.803494067735365	0.792026243873173	1
0.756671782454781	1.01325201641808	1.23033338365727	1.07411061781741	1.01847940743879	1.04966962604972	0.875106826006314	1.00746466319795	0.948384484689856	0.949372885795274	1
0.716880088757217	0.961632193560171	1.22387729644283	0.95516971327193	0.943437177378878	0.872652895170693	0.897360924469987	1.03759424394701	0.851161698425683	0.890237452509901	1
0.831787381309427	1.06976695987041	1.03110690623553	1.20933957870013	1.01798038145693	0.785576853008084	0.996909691030723	0.8315098977958	1.01431609859594	0.943799151635342	1
0.926667852109437	0.932443344099123	1.09496767788066	0.865052797210175	0.966552526970028	0.933462238350247	0.968032587216457	0.999986220952005	0.959966818461907	1.0904210095965	1
1.20348706837189	0.969637366811398	0.971453081436302	1.17769136647835	1.01440162770298	0.751338741398205	0.791053921108962	0.842230222171121	0.738625384695329	0.77110686919492	1
0.832721042848817	1.08118303535678	1.16960269019866	0.860292401856833	1.02798213193945	0.741131243441968	0.844813748825195	0.922029228158377	1.01807306796118	0.786304713685794	1
0.942372699765082	0.861834820847361	1.20671297059201	0.66940695637736	0.990364023385608	0.783675441401239	1.00381606414424	0.753061876350199	0.77540652453294	0.753030006925156	1
1.07072581796464	0.833280784006672	0.89110908342906	0.893736789133945	0.874858365653758	0.807293746918374	0.863468595872687	0.742116570435675	0.775095930678842	0.648681684006894	1
0.7722504171559	0.97515009507455	0.862490659070477	1.06234226790432	0.939457236978695	0.950962312731613	0.747830158086891	0.768902602774182	0.636036563440608	0.789561005262063	1
1.31643073315638	1.01969383597037	1.08294654634785	1.00799037813457	1.01473207973801	1.03041628590281	0.895258890286693	0.927677736143378	0.893594067322318	0.902513829525754	1
0.760504991656163	0.862403589753312	0.890327004297007	1.11748071883295	0.98034798377671	0.816754476021676	0.873902046868361	0.99603637423601	0.693527107867085	0.716965361192478	1
1.76634834142101	1.09666166737268	1.16679175045505	0.85773238494774	1.0686622975403	0.670287112678085	0.988392954741137	0.748333288799182	1.17644506162438	1.94638629218659	1
0.81823223500994	0.952339760856125	1.0246681293185	0.868475334983998	1.00298650813613	0.967615182466796	0.886401412690157	0.782986724171361	0.5926168479879	0.717304372845471	1
2.44398598486866	0.875682599337853	1.20846376628059	1.30146233135674	0.992961844125775	1.02497305957953	0.897684383669694	0.810438258460693	0.89533451906879	0.873164805056437	1
0.919789415197548	0.904191154895597	1.12320501286548	0.98665528813335	1.0553497170113	0.895613146824479	1.06214376955557	0.878372000057856	0.687146327490057	0.860609377607015	1
1.04424078055745	2.10631666340779	1.48544274560382	1.09651981345324	1.15560128527059	1.46456152767096	1.78258228906648	1.08620479405973	1.7976781866555	1.22792768340537	1
1.00318617487378	1.64126725052862	1.43388895022812	1.00613256297347	1.21645836392968	1.30672370397623	2.27077187518854	1.06714364308014	1.51875829240417	1.17054222506223	1
0.613851021621706	1.24664976305407	1.24907525475546	1.2347886212445	1.13439888924938	1.15471683783082	2.02909821831932	1.22262473914688	1.56621533291253	0.872560216657976	1
1.09942559079351	1.17333071224563	1.14489393029353	1.41072422786385	1.00833541152759	1.01004256335754	1.05723584063237	1.17370183308127	0.902237294379008	1.08324990300272	1
0.981996352617195	1.42767780995548	1.22110641498703	1.07624323366737	0.923946739055512	1.09142305550615	0.781109448422345	1.13813790830947	1.02289555188657	1.2179392713842	1
0.856884313802182	1.37800308642361	1.15692016338335	1.11026723407436	1.11027024658327	1.27860862031795	1.16729400970249	1.08139404441036	1.4989523924001	0.907385195589439	1
0.872471257436909	1.1620206364721	0.958936422842268	0.830694559918604	1.09696222939918	0.946622536480118	1.11617496807266	0.873259777283742	1.05716879582788	0.850188308692387	1
2.3562022920875	1.02332927323347	1.14014750866814	0.971361059457104	1.09785114826422	1.01950187889666	0.918703776803624	0.8961117332861	1.09261615065386	1.03335809100538	1
0.988650999519584	1.07187281233975	0.957273969102167	1.04030841612674	0.950696991223175	0.886399938439772	0.801163448239597	1.07793469550497	0.769940748518399	1.00665055679931	1
0.911549961200845	1.08003344575775	1.04340686513061	0.825162270255595	0.867255375203154	0.704677056794785	0.91803447587131	1.16629223406734	0.729740797055132	0.829152157458607	1
1.08978179670742	1.06357872842527	0.93273229408951	0.982893091700279	1.13224849798077	0.859339522458086	1.07064539390283	0.886665059554147	1.11882113909573	1.07516359378792	1
0.745528005223692	0.934179159902612	1.05323596605793	0.858341682070591	0.848807274448715	0.840564286128667	0.870460848949167	1.02797391628838	0.877228722282782	0.886625029590344	1
1.13442945658935	0.922594847454304	1.08651080901542	1.65872887510813	1.11982872065602	1.06325345278284	0.792654472310793	0.784315847371343	0.846078785202902	0.741704139946923	1
1.0355917414488	0.911811452111262	0.776648501769626	0.982495626917611	0.955304967831567	0.910022578213655	0.827744356407461	1.00959314824246	1.03206741553137	0.952717330945872	1
1.20724269125802	0.861081810440562	0.954897499860302	1.17776043221065	1.04976643400218	1.00593375213886	0.921369806896991	0.998896531658708	0.877197672745782	0.879918484872962	1
0.802655010198096	0.672142317268608	1.08965472146103	1.15574108953731	1.0813462597689	0.781432058872772	0.895426553203671	0.810624688191917	0.727278247385298	0.89913811566149	1
1.33653736977214	0.799628491363494	0.83636429270886	0.889802798711055	1.16605489278162	0.522446221312631	0.798254356931159	0.842440626220223	1.00747666149353	0.725812423978933	1
0.892325118277414	1.06036908514374	0.830994232419506	0.861682095836383	0.992415077149221	0.915977458135818	0.763137200277001	0.65040695987415	0.567252737142966	0.681197108824944	1
0.811131648922292	0.777822264364996	0.692727164875868	0.901809468512255	0.941049953455879	0.698211987889773	0.816941811123404	0.887852173654691	0.727831683089925	1.11562974436801	1
0.9015680860092	0.929918537542613	0.859898616278389	1.00729286447896	0.716537958281284	0.883727982830082	0.860135866346893	0.782291146411829	0.752672310994545	0.801795999678629	1
1.46290313397434	0.963800041302384	0.788057244104989	1.12901654696968	0.903172909495857	0.813468787259197	0.795693832168426	0.697039097723375	0.728702350305388	0.937868933695858	1
0.82894620385481	0.775472370330528	0.855221758512934	0.940599688973751	0.839307426324891	0.921091788181262	0.951300377153827	0.928412391997649	0.742078497365451	0.900495158474445	1
1.03229730009289	0.933156000765112	0.89019105632023	0.887571304123551	0.994999509723871	0.86703256163581	0.625969938465821	0.919550323122095	0.716113054246287	0.726615356044943	1
1.02627281006286	0.731586031088959	0.766761461570932	1.03003598974569	0.973972723217241	0.711269622564991	0.798910931889485	0.690235451026194	0.81640061596355	0.74562566806842	1
1.07798614409339	0.878617650169616	0.928608568461148	1.08304574598903	1.00132422217505	0.812884473459045	0.990866507577754	1.05651494955275	0.883159209629246	1.13104626870195	1
0.788582510613411	0.966716170032882	0.697918452607936	0.827870689586748	0.918493473371814	0.738337218779729	0.835976717260482	0.854038038755726	0.828958670103187	0.730858870080135	1
0.896544454208455	0.963829315125244	1.00693677746613	1.01726332857295	0.941122288033561	0.832275249329708	0.981441328069254	1.17559937870788	0.935838879119191	0.978515850629902	1
0.981964955684831	0.97097428849407	1.06685868958552	1.0358166754642	1.08988928377069	0.724192794478959	0.87084970685179	1.00528268907251	0.872820116049232	0.937322217546466	1
1.43186191930243	0.954904769516728	0.890070092502276	0.994037371196083	0.735767962235134	0.898587608976347	1.21245577090106	0.979363433027561	0.846602918361582	0.914551223046925	1
0.879724104639373	0.919817947639125	0.915111953507564	1.06090212539794	1.06145592613866	0.82184428580994	1.20644600763242	1.29585031733606	1.06475569788478	1.68971319242349	1
0.832711739712801	0.976112021016138	0.815518414686217	1.17126554195032	1.14544845314116	1.13850396599675	1.0471180129548	1.06557776567156	0.854479046498582	0.833407891505508	1
0.880796550123955	1.14911209333138	0.986156874417115	1.10167115309583	0.964317253634228	1.20953893813399	1.34397861850531	1.39196126421333	1.16817766802194	1.23006588154039	1
1.01346080596392	1.08087057207725	1.10299605540401	0.819618528184152	1.14810080551744	1.93701460854035	1.2394986995594	1.3180713247481	1.29112111151663	1.34467308019601	1
1.01736245549946	1.02772911294344	0.904874936061895	1.23355926719409	1.39031696759916	1.40825670281435	1.31293240550796	1.35373411066832	1.82629266886773	1.60143749742502	1
0.968472592073132	0.873587212625301	1.10294631152305	0.982481320661572	0.933078841485908	1.4700867327592	1.24255470014593	1.45505837607317	1.71616244855833	1.42694299732676	1
1.07147160785049	0.940206754990601	1.13811555163879	1.17352617456129	0.978078406527505	1.37121341042464	1.16031277522935	1.47660636434379	1.59129209792314	1.64963608576826	1
1.2325025118263	1.03164701185607	1.36467669777032	0.88020280844517	1.14551300496786	1.59800591513679	1.16588683653331	1.2724152211316	1.89052889830671	1.59342202966358	1
1.0447280367674	1.17263305919939	0.919127684873326	0.954084033179981	0.896589371446163	2.29805194702217	1.53905399887041	1.74812684992228	1.98718734347523	1.47597713406725	1
1.0663746579096	1.07591223372532	1.00377063846162	0.875138284291846	1.11031057606355	1.72214064708054	1.13720692223897	1.55892324816269	1.48842084919655	1.50149628463424	1
1.31961728118457	0.862526753504863	1.27923043477812	0.986953394041622	1.35786864238382	1.85646547425151	1.50686261394549	1.65307806448683	2.39942151846117	3.04165599845525	1
0.830900381618217	0.962214887401118	0.984135150624678	1.03603891014513	0.99878943456296	1.60942172130526	1.00576729109656	1.40134420936801	1.69723696292198	1.36811920360718	1
