0.307163213394877	0.633981597314012	0.11454638199058	0.183656167909315	0.251858052671812	0.35743591863005	0.130579100896327	0.208455582328874	0.161252774918425	0.154874544061226	-1
0.347088005191168	0.81408553670623	0.111738423389039	0.230729868128186	0.321658837229839	0.532548163212091	0.113431778032399	0.141235460454257	0.220440053412779	0.162991283032575	-1
0.37264082865576	1.53460005215971	0.14039334078717	0.206713483076446	0.28582586999964	0.463678926808394	0.0906090384091604	0.143403469365857	0.371840371293869	0.138623005333967	-1
0.486783371192516	3.63577389047594	0.113233614605504	0.250327167633557	0.290897431936867	0.64302378836939	0.119878947809295	0.203797080741541	0.268193378342233	0.154673316482751	-1
0.304946979796521	0.594416387476234	0.121240807649532	0.183069904009026	0.265488378343708	0.432221587736162	0.103379077562984	0.15439413376842	0.145528622313807	0.161804993149023	-1
0.301400312060171	1.65779254091081	0.12572577049077	0.224272776081348	0.347836657350905	0.478934985413512	0.0994876024230786	0.168430923719407	0.270019799896042	0.129400795969919	-1
0.386584495721594	0.43924108558927	0.256984732084082	0.238626573017543	0.348992982953236	0.597553703151228	0.163757788530042	0.172748187560491	0.119537934530781	0.165909104875426	-1
0.38219175903164	0.587153601928764	0.139008464371894	0.194616552780929	0.326601977382012	0.545299996213981	0.116630417319576	0.193533305153256	0.0894196227800444	0.203143708023794	-1
0.423430562509099	1.19971924639788	0.151567280678434	0.24118313931669	0.291841201582587	0.575507646915317	0.093484914584902	0.185390687593869	0.289140878892205	0.174043542098481	-1
0.422470918584195	3.93939903324104	0.154109692951644	0.29480528552324	0.293538972546355	0.639440366174824	0.086086572249202	0.167523530768523	0.237241950831061	0.150653507980763	-1
0.384194490797018	3.6338496638693	0.149308148215892	0.266091494158662	0.275280321153018	0.521423225860251	0.122307837765517	0.201313152281164	0.310047327531264	0.200767682754392	-1
0.459922422023757	3.4491933173043	0.168493601684719	0.305595061821863	0.345562759991347	0.594871683421309	0.118945401485679	0.174896579505186	0.430648989837727	0.211781391196718	-1
0.537985839482229	5.59944980386782	0.193780077261186	0.323589810086512	0.53762799359287	0.671969366117604	0.124768482824861	0.182972185359627	0.824104908817102	0.153663082629034	-1
0.41181288404182	0.777790397655188	3.10726056592267	0.340353254620641	1.73913927851929	0.613374872256686	0.163613723940234	0.169694130024762	0.134425930990729	0.268291771783847	-1
0.452176519388997	0.365067646940803	0.144415830144681	0.240485859614218	0.369296240220473	0.492529302884127	0.115226972459902	0.209905682679254	0.119947374547027	0.15057676528503	-1
0.347817343159201	0.419567086527383	0.140534514333029	0.272464004089738	0.403739251765478	0.385742761476208	0.14055459302501	0.193495643600127	0.0800010221983193	0.207261976878514	-1
0.401598897112381	1.33359849694285	0.178514383044338	0.261565543834358	0.449861916122916	0.623536697370922	0.166834447962212	0.221228886796457	0.203005009115076	0.137575535370026	-1
0.394078290462913	3.86029700785982	0.0968902395182686	0.192344832110119	0.334822378339492	0.372734555399288	0.114123722622821	0.155086730521662	0.303970369771835	0.124720456472731	-1
0.292896592388675	1.83057993156811	0.119375408447542	0.216520488304048	0.33224370738431	0.380733450798601	0.148938481148762	0.221923866377319	0.331989908483339	0.235249447907542	-1
5.1073140154478	0.748957737766042	8.8280492560237	6.05197782458035	2.82994192506806	0.480655390701771	0.391610173515639	1.05194446563953	0.0996649558944131	0.159681884391373	-1
7.21776536497877	2.38155155895681	13.9423687689322	12.1643722955792	5.14452084682555	0.463336629022541	0.980734092999097	2.13916315703107	0.372093546716517	0.496127648637735	-1
2.6890757134509	3.72004495994475	1.36189285339875	1.22829558444352	4.26250450079696	0.556930490145369	3.62697806899405	1.75991846642459	0.443995853065249	0.404797242443905	-1
1.66647316062512	2.55751305558207	1.12391663373516	0.609097796705084	1.4461487677735	0.599665714651173	0.528845765945938	0.426559929019245	0.587766337860736	0.228408416870736	-1
0.506523988246227	1.0978355001757	0.631946035844979	0.390255419190442	0.908314129462209	0.342527320838443	0.82939143110496	0.390289818314427	0.372731289281495	0.16792779330155	-1
0.670861921856482	3.96311537737537	0.582862476136766	0.485926615118368	1.18840511155274	0.511062747655066	2.22601804337651	0.808770098051187	0.315140992248024	0.214439068950764	-1
0.679226872729545	1.10747058804445	0.813041848838906	0.60188943384546	1.49207303986421	0.333062087256983	1.32351983350261	0.587126787225263	0.202851478353689	0.241002155406829	-1
0.552330400165847	3.96448084610544	0.22350807271115	0.275249813151727	0.385113792747556	0.77424047753025	0.349690983779287	0.305510318176872	0.745803493323128	0.238175580811709	-1
11.6931280608037	3.00346993559679	11.1080975324152	10.4862111781413	10.3155979287618	0.672864276187932	0.611697138988438	0.799693030066702	0.392958625377086	0.140095159107728	-1
0.404062987158768	2.89010858387852	0.163321893654252	0.268645974079908	0.304554307377249	0.608795378282268	0.120754665035208	0.140039613898668	0.534752963041649	0.139370750171401	-1
0.413699773394405	1.72231636704959	0.121196009213609	0.210040450364621	0.228527651823039	0.435173009131927	0.192840676813168	0.192495983469227	0.112417492873771	0.144324678619629	-1
0.573996835481432	3.64585976422513	0.176041177432418	0.322094772596832	0.289878738290004	0.749448067354665	0.103554040266014	0.146861532545666	0.618140225213558	0.127795868183891	-1
0.43281168717906	3.89517080859223	0.151309746776826	0.251523013471435	0.337935482988632	0.615458780528122	0.118356660282966	0.187300469108705	0.247059186507294	0.143830318756655	-1
0.764958552550102	3.76842581383765	0.240954642359467	0.279761735689038	0.671772030817073	0.668312925288543	0.326632209932263	0.300181367553928	0.380870474694676	0.262581621782811	-1
0.712780331490011	4.27032278030443	0.318721542562142	0.444716457326041	1.13022917214121	0.584721937359708	0.448446325369224	0.38896088015155	0.512460750775314	0.171347442145166	-1
1.45641032706061	1.95864143967259	1.39061739769627	1.16554893069948	4.92050596527824	0.475762430970689	1.37609185789018	0.900946546446064	0.322089885808027	0.299161149472669	-1
0.520103192950455	3.52402712099035	0.20662825296937	0.296456976164615	0.548329172540622	0.661253021173157	0.144265603931474	0.223145851806972	0.457870451777172	0.159255259178238	-1
0.711147163975291	2.84550108189718	0.412983019141338	0.565702644575867	1.2258007237034	0.653212342349471	0.314104101992802	0.335136079855625	0.303408245027111	0.141289473097473	-1
0.925035375004575	2.78235997963152	0.852224604896897	0.734876149199716	3.24317714602137	0.558179711177928	1.63145187793607	0.636676848322919	0.249852175553771	0.219985597148858	-1
1.32854751252775	1.62107107045757	1.43345397451427	1.2295240294329	4.42998226674505	0.427958141130649	1.84697843016442	0.84382241976282	0.406487213289289	0.288332527616058	-1
0.537378110216183	2.14110584980181	0.31680303772018	0.369830046444778	0.855459968610741	0.4286852879527	0.22559652789659	0.248130383900919	0.391877712927355	0.130792878741254	-1
0.4963669387485	0.296540027123442	0.433172736368596	0.490368965067869	1.06976331785484	0.658485074387251	0.206745127893218	0.23240851561843	0.0780594586050108	0.132128639688102	-1
0.431280800035321	2.08624809145524	0.190381780767579	0.277093318823949	0.437110000512763	0.449915803468869	0.218634492380629	0.231027877812108	0.352761988607916	0.228162666621678	-1
113.073528194149	6.24655133699612	79.6781327693623	77.255229949777	51.0123941415025	0.623894680855574	5.07566080223469	5.72177018705543	0.393274398883656	2.35868879534226	-1
0.692205680895343	2.71179473794077	0.323535290834492	0.461902079647999	0.504362917273937	0.542100286211138	0.469053032027814	0.382006954170702	0.758963781188245	0.169583336234076	-1
0.790050151751653	0.890798866094293	0.558493653413934	0.505423252089309	1.40081169886507	0.683848301016366	1.70489429586743	0.528435562721548	0.228238094560067	0.231905645656804	-1
0.398142085670253	1.09027519915533	0.145259153148362	0.299102029945997	0.405805750014887	0.455692655349295	0.190574378764732	0.285310903105036	0.0985947909234277	0.14225418631914	-1
0.732556718991836	2.20819246400503	0.254923104726063	0.319652125499916	0.611909171061614	0.451459853691413	0.288829555328794	0.349549794985072	0.209668622535534	0.204046422051232	-1
0.442948117859234	2.92217740676685	0.151295775249484	0.249101049755643	0.446912716902929	0.562489101575243	0.162826982507006	0.185917442946924	0.499237552244614	0.121668050051614	-1
0.437805304701774	1.03732626186257	0.17603024223774	0.225892505628363	0.237835027532597	0.458122459850535	0.1438883712174	0.148922503191777	0.324311899211328	0.146792291077081	-1
1.60649604438349	1.87292191186831	1.66996218199348	1.14939477066434	1.16970067563249	0.508542958092	0.240972679801086	0.357041437419886	0.395683545157171	0.298595353251723	-1
0.53487664860123	4.23382334572733	0.339645347529939	0.251415222710198	0.328762536437531	1.36074016259886	0.200662583701394	0.261759995184648	0.817884844081315	0.206444674289269	-1
0.543063137345058	2.79473775755272	0.321454653009631	0.272698379136437	0.390903141487779	0.691718452291641	0.147420897403059	0.253960228718663	0.385502065254481	0.167453913127245	-1
0.563657266294995	3.38870782707161	0.288186931920639	0.307753956813338	0.373979287907242	0.911569464698273	0.212744102082816	0.269024762133788	0.455736177291324	0.199754806954805	-1
0.573501543063457	5.0859884175646	0.348059873215327	0.379406787097091	0.333103941333203	1.08644558457874	0.183592018575322	0.344510662653873	0.97012427495023	0.195694227700789	-1
0.49854322853547	3.76890399394517	0.328535191574813	0.253490602095397	0.350384952909186	0.75910812204624	0.222631660619005	0.284288186264189	0.46308337632049	0.182263040566427	-1
0.583003567119703	3.07086257470771	0.319982545929055	0.310922556492386	0.384480164416339	0.998883969023158	0.240151539420488	0.260285385780673	0.457444371483881	0.145902224255778	-1
0.485681438538386	1.79614871847545	0.352963447956147	0.274834952736401	0.385046992171424	0.906771597059389	0.249610228393299	0.325784488208437	0.392236462539641	0.179953542075991	-1
0.529677127398803	3.24668687755826	0.389087323335365	0.275716278081953	0.422910841206302	0.530604301323901	0.545987201331419	0.430772904226458	0.342079154356139	0.237739503160607	-1
0.605655362838488	1.78206917623931	0.271261535211689	0.28436578857535	0.44652537549321	0.561463621748425	0.512047438302516	0.412942264063026	0.905059016407497	0.413246645737734	-1
0.533379346759094	1.50135299669274	0.323323370951298	0.376082358447381	0.419915352391065	0.707592332127684	0.548979490731264	0.428537294607325	0.162480676662744	0.328301946839042	-1
0.526586364845049	3.13237110284319	0.353214022436171	0.289863560952794	0.304749648738175	1.19550868815334	0.356368545016506	0.356989683595211	0.719872960599061	0.296496720618116	-1
0.425331202221083	2.74463644936512	0.31079187940073	0.274648929701558	0.262045247026975	0.758859400049432	0.33372574113398	0.300211272077014	0.596318966116795	0.201280843830915	-1
0.65268652063721	2.47970621593898	0.268453568787992	0.262789704238593	0.405506159580939	0.745939324050695	0.347272657744366	0.281848179347711	0.453330911825355	0.258857979066926	-1
0.468019291881471	2.45612234982798	0.297763944828072	0.258992754674289	0.321276453812488	0.5878980302368	0.34975146337497	0.299170081921519	0.203881657905119	0.160881643187903	-1
0.417164457895443	1.10273142442898	0.269163026070658	0.280262968794194	0.410643505799953	0.449782426776878	0.415100848600436	0.311359496684682	0.117641805418353	0.184740256848493	-1
0.596063252691189	1.01199178602295	0.380293726305295	0.278109517364929	0.489765150665623	0.498515640117479	0.904513678085812	0.608314236544637	0.211362788048283	0.299181216474676	-1
0.639141616327151	0.360138577663934	0.318074614214615	0.433371968225299	0.561843465567768	0.661199023210376	0.748204198680842	0.452659067755004	0.0994026113815637	0.246725445595803	-1
0.313059860706494	0.961039750375137	0.2179590490488	0.187881204901246	0.273313073918625	0.478026450697297	0.214008329116948	0.155716233400535	0.14356578699044	0.135186218223409	-1
0.338324636613113	0.436505340012932	0.156825413197103	0.238703926487385	0.421547502148668	0.405673302592923	0.45340552033314	0.228178209083783	0.0964036633703232	0.23749994393097	-1
0.42551137979237	1.14163857577703	0.207832096833729	0.298981385122908	0.4596906176586	0.404467939346248	0.196400400724642	0.237680080413415	0.222420033224812	0.207594551660363	-1
0.40126180079542	0.780851760420619	0.122779418048781	0.193783090461866	0.362157772906112	0.481177904248004	2.41455380638598	0.715981170297947	0.714052664109015	11.6059050564239	1
0.269321988321038	0.248006240722719	0.117322715555908	0.169500710726894	0.300063109932077	0.694930257489217	0.103750237207834	0.145801147621711	0.835812606372866	0.116042683717879	1
0.409139890068577	1.05098946476527	0.160003277346577	0.227323154307028	0.350597881498021	1.19793104909888	0.121962270960821	0.145680495818048	1.28753696004438	0.179185589559765	1
0.493351703502103	0.805448161147799	0.125037850486586	0.249875865823152	0.375507363390511	1.35190304613115	0.168033174317649	0.255305080731452	1.45943295218921	0.165301530719694	1
0.342463477716046	1.38977260365728	0.145868294799498	0.210429565352762	0.278702847225709	1.09624689909975	0.143127533302937	0.253036201315463	1.69023448857975	0.175783421752281	1
0.364987669481497	0.808063648304313	0.160492072502725	0.22976190744332	0.271309490237251	0.597583591017573	0.155095113094007	0.235352416668421	0.433707111193947	0.15084541076524	1
0.307526729881086	0.25259651265642	0.103977001390411	0.188631688547786	0.299278958713056	0.4684087479272	0.138486849511679	0.156161426660679	0.688643610936205	0.135322072881318	1
0.388245839835486	1.051745197386	0.171566647105098	0.279202014539458	0.350955557720928	1.48929073565068	0.114054246690074	0.198800854910991	2.01276562411117	0.135016044581033	1
0.433679942862152	0.729967673525491	0.153828585454148	0.231089602508315	0.32332761743644	1.23282714116435	0.130854716818446	0.178473198854918	1.70318510201174	0.166659513298597	1
1.16289048417331	0.298227664257759	0.427574888651554	0.845209554342654	0.501866345220244	0.379969672377835	0.113141550469392	0.121399337616094	0.335811359740969	0.143970825924688	1
0.342750394334076	0.182309003387924	0.103574797705566	0.204052082100149	0.2458958460731	0.460042925625779	0.133803591280302	0.127034748086935	0.0793589112922704	0.179090393266393	1
0.365463246267117	0.218007260887189	0.159317790871708	0.204840145245859	0.30305243934833	0.987549904691735	0.123016091907343	0.132632570264746	1.59055511391143	0.124463010616681	1
0.280605110792955	0.680770521339176	0.106978194650839	0.24859741154193	0.335969531413331	0.632217499238735	0.109598998376984	0.166888519542287	1.7005081547696	0.133036193405319	1
0.401313803964298	0.697004275267357	0.135358840232007	0.272389079043951	0.284206912583731	1.13666139041845	0.124236556493293	0.176003509331	1.39579881640674	0.22525837966106	1
0.394338861587718	0.830064053714879	0.125790305956796	0.211295028578243	0.364350017339874	0.811543392538767	0.12932939199295	0.205660801545907	1.86060075549094	0.197007724114946	1
0.376859571208791	0.851774418973604	0.143292108784394	0.246256193551538	0.289144196854805	0.888233591912283	0.133210234412884	0.187046854182811	1.17185056656824	0.206128587460732	1
0.304515054449125	0.346756002013269	0.12615107677231	0.244145916762095	0.397156801836053	0.709974749727885	0.15155199533282	0.182026055946611	0.640410277905796	0.109842562773471	1
0.294878836456755	0.211420840103816	0.133987914049339	0.186269011533566	0.284479902986112	11.5745008988791	0.56829555308653	0.195127491627947	0.283390746971547	0.153646440597748	1
0.603222948748967	0.415843046638931	0.409401821613907	0.659473254510706	0.689570174600776	0.620400840004128	0.242187757820795	0.260659896012933	1.48516969370229	0.234721057699954	1
0.307708014894488	0.320119170490826	0.133805272510572	0.22548515865663	0.274895374176111	0.710563652278862	0.110655757848156	0.148465582834093	1.12508133687406	0.151358958415068	1
0.29646280077541	0.905261817239182	0.102804199952512	0.243969147697705	0.282386127629745	0.905287905553327	0.120031781727465	0.192638185010322	1.04104513032032	0.224188622835305	1
0.360002918455183	0.704537851758666	0.114032990544193	0.208327335689866	0.315225764837429	0.775845576855893	0.146125772883012	0.1884798805272	1.0694899292331	0.17017903133843	1
0.380345877078259	1.69369088066602	0.14557469062525	0.250767617019727	0.319763226892664	0.932146065602289	0.154155610704924	0.189925543517247	1.52787199139617	0.189634535828949	1
0.649490838037759	0.405712354888171	0.134494203771104	0.177821493786283	0.418101289507481	0.856690751578158	0.0990085915712845	0.143741309464338	0.857628154674675	0.170573204495621	1
0.461022042688405	0.988081278990183	0.120470699177362	0.225637615718129	0.325071162986192	0.791370478547063	0.228193893986344	0.196219541777988	0.923820280055764	0.206556942261205	1
0.385589029400225	1.76000182978491	0.146083931826322	0.288687020511748	0.335887334121143	0.782132374841213	0.0941583207650545	0.167416197511962	0.737885695802635	0.172435224223493	1
0.433935850921312	0.644427867454569	0.55463258844778	0.2393988138334	0.334897423889494	0.501809554242891	0.107722747097269	0.132175216886023	0.847684605511538	0.161404240443147	1
0.546558652176837	0.462931658175932	0.678256797984331	0.429163550282754	1.21645658469393	0.480333388682873	1.19113240358072	0.519897249288431	0.912455380103128	0.203573980950562	1
0.844182909207947	0.836686799178005	0.70315126504396	0.725407910332804	1.52449108687705	0.598370590245776	1.73818144024789	0.970898292762278	0.578478808502068	0.211411648052889	1
0.546324365261739	0.647724761151968	0.762146387347443	0.631686187787206	1.39421466249853	0.743141932402593	1.16836645032254	0.781187453057009	0.926571146600244	0.22269993957959	1
0.423107189914189	0.542215374795704	0.505296037682085	0.3269506051838	0.552143189757451	0.509739866393259	0.564898880940618	0.552241875202519	0.279524932956569	0.191189988497618	1
0.439840826111914	1.80344244197868	0.13215477313697	0.211168545465275	0.344552188529798	0.739408215631099	0.18201980085493	0.177514941827906	1.64826703641569	0.13648223306579	1
0.582866660657869	2.3812933931963	0.158541841373928	0.218363299894911	0.261802675845708	0.998108653059639	0.110362929473797	0.120979721148472	1.29627792067137	0.13012519874737	1
0.420201009991802	1.63177470531288	0.158841517723262	0.248765603282483	0.28090763183706	1.12699703062369	0.129777137192848	0.132605618403668	1.61803341524676	0.117130401423341	1
1.96764349849458	2.35339731718858	0.741769038368462	0.801124012071249	0.795715433498093	1.01776012297378	0.129157415170007	0.132019714677635	1.47028194213091	0.21169730314746	1
0.429136463530986	0.752601724367458	0.145356171987926	0.210326941425073	0.334883368417083	0.978380517299065	0.112157567410977	0.141362925998058	1.39441974240704	0.144262352240388	1
0.600778920257893	1.08516469605881	0.351446710710556	0.494232216573773	0.973528046371232	0.590078548761363	0.179153905216101	0.288729347672123	0.506108392002375	0.148352292122317	1
15.4036477079208	0.987244455425707	17.3370755009002	21.2301692845542	8.97685951589936	0.84693347176176	5.47815692993506	3.05492369156672	0.165025187933434	3.44360055359084	1
14.8358176813271	2.25004360685301	24.3203554235638	18.5086503906653	17.8551629903333	1.46806748782862	30.1698477111227	42.4075623458325	1.26624526719433	40.7379420282436	1
1.68103844508754	0.847614305501001	1.40999191093312	1.42930251616179	4.14217767084098	0.788723458076154	4.82191284658036	1.75212136765469	1.08221222852748	0.421909791263091	1
0.447928644092256	0.628246180805793	0.243445064475343	0.39965662500619	0.633454176760697	0.703985356159287	0.194112370684497	0.211670212153587	0.576274083220258	0.156221697594416	1
0.47243371454698	0.848626348392193	0.245484860057366	0.352732371922288	0.735776165860785	0.51860734564829	0.219751718760021	0.212288074269675	0.622732214189067	0.154552285580847	1
0.770692420477947	0.477397513392324	0.652085548837262	0.699574892145468	2.19567026869867	0.505633987043563	3.3767504304091	1.02551073861722	0.840498221635095	0.385608030990841	1
4.4619007688759	0.536269208325595	7.71597472358008	8.12570097701659	5.83613537295274	0.433806736626151	0.311671447041098	0.404347746501999	0.136976826313402	0.133611693795234	1
0.405357275402537	1.16300764362676	0.264026228958008	0.271669436381126	0.478951390712195	0.714795952226234	0.306181785163533	0.260812382932371	0.740471267817755	0.222750358566127	1
0.436241518897114	1.18636484330923	0.162634194590959	0.246210157725223	0.302999852365456	1.16923447979685	0.190605819343745	0.19980182718044	1.67497760054063	0.186570773277741	1
0.52749010793631	3.02287390397266	0.242511275508775	0.283924961230757	0.306752486479929	0.781329694251338	0.176437742431664	0.221058386535186	1.484761813273	0.192025790081802	1
0.556483996944379	0.603385358237417	0.228167849945906	0.236530960077572	0.356751420269302	0.50923672599341	0.1797310489129	0.164093095601339	0.603103988511893	0.127120491766965	1
0.635712663628861	0.594226277845912	0.249792687365853	0.323607987840808	0.409844437281635	0.479924019573331	0.194745352668031	0.216840392028553	0.208779333569784	0.303705238282313	1
0.374140677165929	1.00795614339451	0.19171516669306	0.262839384536959	0.284822372774865	0.791500776297106	0.127836928020822	0.171450642378573	0.830116051310498	0.208694578288975	1
0.533778790221197	0.952863601066818	0.361122750756915	0.251907130433456	0.369635701068221	0.975397185099153	0.243979312297698	0.238118785471131	1.41948979178618	0.212947201665175	1
0.413357600028208	0.643422974875468	0.264944929103072	0.257656236891203	0.398289343518659	0.752679484552587	0.243452807012798	0.318671928489863	0.256676378891937	0.283511722508739	1
0.479922570955357	3.39681489452819	0.394101403715194	0.259012239259107	0.298455496764902	1.40868713707006	0.204903792371298	0.209461867658422	1.24390108756211	0.148866701739371	1
0.45404043924838	2.65849203032955	0.322081302769032	0.276047164767588	0.330212267025544	1.36523111381294	0.193399483837766	0.209853709744219	2.01332931253975	0.158470577977289	1
0.540244471967402	0.967103023208503	0.38872424374928	0.319809706877373	0.567656382140865	1.3404546393396	0.330036165371013	0.297263709519667	0.858885417870633	0.216089609052634	1
0.556134608021041	1.23335027140131	0.353809636777144	0.28487030604841	0.388145140575188	1.29598586696511	0.187622211489372	0.253823377917754	1.53388937598864	0.183490949533313	1
0.459144283559698	0.610365594934129	0.362397357844079	0.240515953703842	0.396415246434485	1.22718284483026	0.305315404357188	0.244061027591727	1.17400472946783	0.262679983311147	1
0.63420192807809	2.19580823193632	0.353036198270464	0.298308920428109	0.390660926558846	1.34162824977967	0.219796784860851	0.284618158121491	1.16348856497601	0.205182976376919	1
0.617335065827732	0.951398846293393	0.344644976847164	0.24828148008065	0.460307175773772	0.718583304192753	0.964635581881752	0.457969809165084	1.01805579006002	0.288856799491712	1
0.489088946689311	2.44471768796764	0.33811616107723	0.290611980334759	0.307400373979174	1.00833563058917	0.411113387461159	0.360330132075027	1.21244743129056	0.307223869858999	1
0.705538026364355	0.544971128529958	0.41697580668398	0.331913523417271	0.445945443088625	0.978732549784714	0.37111894701043	0.305078585678648	1.15113039416644	0.280246170752742	1
0.48222439519946	1.0646755715181	0.299330321701999	0.293877559958281	0.367677919642391	1.40963354378386	0.332487997892259	0.397446336957917	0.841579196053313	0.32413565033183	1
0.48297085826818	1.27371573893879	0.374480430447737	0.252462372821787	0.34149934630948	0.792713373825478	0.421189322420121	0.322979163350154	1.04850368118067	0.206646929357036	1
0.472819720238238	0.978230010398742	0.322787106688758	0.24135492938692	0.401749041384232	1.04012353856089	0.397997332179181	0.323687885639337	1.11073724638356	0.249278495416058	1
0.535101601510679	1.37315003368133	0.296450554694245	0.305963892581332	0.343594198548187	0.867829271472533	0.41276288019021	0.327766735068821	1.30868262778357	0.2443458102956	1
0.853080645708491	0.271647239845433	0.635844984122764	0.455257495126455	1.11225839744039	0.53413853622126	1.61225271776196	1.07009596388608	0.128359831249809	0.353035639929873	1
1.03521276014741	1.21433474979459	1.22937080679237	0.997890891886492	2.5026629829025	0.872213131126157	3.82886917390481	3.94114252020744	0.765421740342068	1.18844395003914	1
0.616069490182046	0.769672962708555	0.510968759385386	0.346970185388463	0.735638179674433	0.608007984219043	1.21915468037963	0.73594925139502	0.89552540139227	0.29717266230196	1
0.431817578464908	0.24576795643041	0.247514791375201	0.176342659464918	0.284570258773637	0.574429037748484	0.195344514138696	0.147647741957114	0.416799491988973	0.218032280552456	1
0.362015374712454	0.462557390681185	0.173874321597658	0.21596707374678	0.324352717488462	0.501674622911395	0.448275295647982	0.210982032251896	0.252167067775839	0.171546111296445	1
